Donnees supprimées à chaque démarrage!
créé le 17/10, à 11:15:47
Codeur0 | cmdOD0 | Codeur1 | cmdOD1
107 0 -224 0
107 0 -224 0
111 0 -225 0
111 0 -225 0
111 0 -225 0
110 0 -225 0
110 0 -225 0
109 0 -225 0
108 0 -225 0
108 0 -226 0
107 0 -226 0
107 0 -227 0
106 0 -227 0
106 0 -228 0
106 0 -229 0
105 0 -230 0
105 0 -230 0
104 0 -231 0
104 0 -232 0
104 0 -233 0
103 0 -234 0
103 0 -235 0
103 0 -236 0
103 0 -237 0
103 0 -237 0
103 0 -238 0
103 0 -239 0
103 0 -239 0
103 0 -239 0
103 0 -239 0
103 0 -239 0
103 0 -239 0
103 0 -239 0
103 0 -239 0
102 0 -239 0
102 0 -239 0
101 0 -239 0
99 0 -238 0
98 0 -237 0
96 0 -235 0
95 0 -234 0
93 0 -232 0
90 0 -230 0
87 0 -227 0
83 0 -225 0
79 0 -222 0
75 0 -220 0
69 0 -218 0
63 0 -216 0
55 0 -215 0
46 0 -215 0
36 0 -215 0
26 0 -216 0
16 0 -219 0
8 0 -223 0
0 0 -228 0
-6 0 -235 0
-10 0 -243 0
-11 0 -252 0
-12 0 -261 0
-12 0 -272 0
-12 0 -282 0
-9 0 -293 0
-6 0 -303 0
-4 0 -313 0
-2 0 -322 0
0 0 -330 0
2 0 -335 0
2 0 -339 0
2 0 -341 0
1 0 -342 0
1 0 -342 0
0 0 -342 0
0 0 -342 0
0 0 -341 0
0 0 -339 0
1 0 -338 0
3 0 -336 0
3 0 -335 0
3 0 -333 0
3 0 -331 0
1 0 -329 0
0 0 -327 0
-1 0 -326 0
-1 0 -325 0
-1 0 -324 0
0 0 -324 0
1 0 -324 0
1 0 -324 0
1 0 -324 0
1 0 -324 0
-1 0 -324 0
-3 0 -324 0
-4 0 -324 0
-4 0 -324 0
-4 0 -324 0
-3 0 -324 0
-1 0 -324 0
0 0 -324 0
1 0 -324 0
1 0 -324 0
1 0 -323 0
0 0 -322 0
0 0 -321 0
0 0 -321 0
2 0 -322 0
5 0 -326 0
7 0 -329 0
8 0 -332 0
6 0 -332 0
1 0 -330 0
-6 0 -325 0
-12 0 -320 0
-16 0 -315 0
-16 0 -311 0
-13 0 -309 0
-6 0 -308 0
1 0 -308 0
8 0 -308 0
14 0 -310 0
16 0 -312 0
16 0 -313 0
11 0 -313 0
5 0 -313 0
-1 0 -313 0
-5 0 -313 0
-7 0 -314 0
-8 0 -315 0
-6 0 -317 0
-2 0 -318 0
3 0 -319 0
6 0 -320 0
7 0 -320 0
7 0 -320 0
5 0 -320 0
3 0 -320 0
1 0 -321 0
0 0 -321 0
-1 0 -321 0
-1 0 -322 0
0 0 -322 0
2 0 -322 0
3 0 -322 0
4 0 -322 0
4 0 -322 0
4 0 -322 0
3 0 -321 0
2 0 -321 0
1 0 -321 0
1 0 -321 0
1 0 -321 0
1 0 -322 0
2 0 -322 0
2 0 -322 0
2 0 -322 0
1 0 -321 0
0 0 -320 0
0 0 -319 0
-1 0 -319 0
0 0 -319 0
0 0 -318 0
0 0 -317 0
-2 0 -313 0
-4 0 -310 0
-5 0 -308 0
-6 0 -307 0
-4 0 -307 0
0 0 -308 0
3 0 -310 0
6 0 -311 0
7 0 -312 0
7 0 -312 0
6 0 -312 0
4 0 -313 0
1 0 -313 0
0 0 -313 0
-1 0 -313 0
-1 0 -313 0
-1 0 -314 0
0 0 -315 0
2 0 -316 0
2 0 -317 0
2 0 -318 0
2 0 -319 0
2 0 -320 0
0 0 -320 0
-4 0 -320 0
-8 0 -320 0
-11 0 -320 0
-13 0 -320 0
-13 0 -320 0
5 0 -322 0
2 0 -320 0
0 0 -319 0
0 0 -318 0
0 0 -318 0
2 0 -318 0
3 0 -318 0
5 0 -319 0
5 0 -319 0
5 0 -319 0
4 0 -319 0
2 0 -319 0
1 0 -319 0
0 0 -319 0
-1 0 -319 0
-1 0 -320 0
-1 0 -321 0
-1 0 -322 0
-1 0 -322 0
0 0 -323 0
0 0 -323 0
0 0 -323 0
1 0 -323 0
1 0 -322 0
2 0 -321 0
3 0 -320 0
3 0 -319 0
3 0 -318 0
3 0 -317 0
3 0 -317 0
3 0 -317 0
3 0 -317 0
3 0 -317 0
2 0 -318 0
2 0 -319 0
2 0 -320 0
2 0 -322 0
2 0 -323 0
2 0 -324 0
2 0 -325 0
1 0 -325 0
1 0 -325 0
-3 0 -325 0
-6 0 -324 0
-6 0 -324 0
-2 0 -324 0
3 0 -326 0
6 0 -330 0
6 0 -333 0
6 0 -334 0
7 0 -334 0
9 0 -334 0
9 0 -332 0
9 0 -329 0
9 0 -326 0
9 0 -324 0
9 0 -323 0
8 0 -322 0
6 0 -321 0
5 0 -321 0
5 0 -321 0
5 0 -321 0
5 0 -321 0
5 0 -322 0
7 0 -325 0
10 0 -328 0
12 0 -331 0
15 0 -334 0
18 0 -337 0
20 0 -340 0
22 0 -343 0
24 0 -345 0
25 0 -348 0
27 0 -350 0
29 0 -353 0
30 0 -355 0
32 0 -357 0
32 0 -358 0
33 0 -359 0
33 0 -359 0
33 0 -359 0
33 0 -359 0
32 0 -359 0
30 0 -358 0
29 0 -356 0
28 0 -355 0
27 0 -355 0
27 0 -354 0
27 0 -354 0
27 0 -353 0
27 0 -353 0
27 0 -353 0
27 0 -353 0
27 0 -353 0
27 0 -353 0
27 0 -353 0
28 0 -354 0
28 0 -355 0
28 0 -355 0
29 0 -356 0
29 0 -356 0
29 0 -356 0
29 0 -356 0
29 0 -356 0
29 0 -356 0
28 0 -356 0
28 0 -355 0
27 0 -354 0
27 0 -354 0
27 0 -354 0
27 0 -354 0
27 0 -354 0
27 0 -354 0
27 0 -354 0
27 0 -354 0
27 0 -354 0
27 0 -354 0
27 0 -354 0
27 0 -354 0
27 0 -354 0
27 0 -354 0
27 0 -354 0
27 0 -354 0
27 0 -354 0
27 0 -354 0
27 0 -354 0
27 0 -354 0
27 0 -354 0
27 0 -354 0
27 0 -354 0
27 0 -354 0
27 0 -354 0
27 0 -354 0
27 0 -354 0
27 0 -354 0
27 0 -354 0
27 0 -354 0
27 0 -354 0
27 0 -354 0
27 0 -354 0
27 0 -354 0
27 0 -354 0
27 0 -354 0
27 0 -354 0
27 0 -354 0
27 0 -354 0
27 0 -354 0
27 0 -354 0
27 0 -354 0
27 0 -354 0
27 0 -354 0
27 0 -354 0
27 0 -354 0
27 0 -354 0
27 0 -354 0
27 0 -354 0
27 0 -354 0
27 0 -354 0
27 0 -354 0
27 0 -354 0
27 0 -354 0
27 0 -354 0
27 0 -354 0
27 0 -354 0
27 0 -354 0
27 0 -354 0
27 0 -354 0
27 0 -354 0
27 0 -354 0
27 0 -354 0
27 0 -354 0
27 0 -354 0
27 0 -354 0
27 0 -354 0
27 0 -354 0
27 0 -354 0
27 0 -354 0
27 0 -353 0
27 0 -353 0
27 0 -353 0
27 0 -353 0
27 0 -353 0
27 0 -353 0
27 0 -353 0
27 0 -353 0
27 0 -353 0
27 0 -353 0
27 0 -353 0
27 0 -353 0
27 0 -353 0
27 0 -353 0
27 0 -353 0
27 0 -353 0
27 0 -353 0
27 0 -353 0
27 0 -353 0
27 0 -353 0
27 0 -353 0
27 0 -353 0
27 0 -353 0
27 0 -353 0
27 0 -353 0
27 0 -353 0
27 0 -353 0
27 0 -353 0
27 0 -353 0
27 0 -353 0
27 0 -353 0
27 0 -353 0
27 0 -353 0
27 0 -353 0
27 0 -353 0
27 0 -353 0
27 0 -353 0
27 0 -353 0
27 0 -353 0
27 0 -353 0
27 0 -353 0
27 0 -353 0
27 0 -353 0
27 0 -353 0
27 0 -353 0
27 0 -353 0
27 0 -353 0
27 0 -353 0
27 0 -353 0
27 0 -353 0
27 0 -353 0
27 0 -353 0
27 0 -353 0
27 0 -353 0
27 0 -353 0
27 0 -353 0
27 0 -353 0
27 0 -353 0
27 0 -353 0
27 0 -353 0
27 0 -353 0
27 0 -353 0
27 0 -353 0
27 0 -353 0
27 0 -353 0
27 0 -353 0
27 0 -353 0
27 0 -353 0
27 0 -353 0
27 0 -353 0
27 0 -353 0
27 0 -353 0
27 0 -353 0
27 0 -353 0
26 0 -353 0
26 0 -353 0
26 0 -353 0
26 0 -353 0
26 0 -353 0
26 0 -353 0
26 0 -353 0
26 0 -353 0
26 0 -353 0
26 0 -353 0
26 0 -353 0
26 0 -353 0
26 0 -353 0
26 0 -353 0
26 0 -353 0
26 0 -353 0
26 0 -353 0
26 0 -353 0
26 0 -353 0
26 0 -353 0
26 0 -353 0
26 0 -353 0
26 0 -353 0
26 0 -353 0
26 0 -353 0
26 0 -353 0
26 0 -353 0
26 0 -353 0
26 0 -353 0
26 0 -353 0
26 0 -353 0
26 0 -353 0
26 0 -353 0
26 0 -353 0
26 0 -353 0
26 0 -353 0
26 0 -353 0
26 0 -353 0
26 0 -353 0
26 0 -353 0
25 0 -353 0
25 0 -352 0
25 0 -352 0
25 0 -352 0
25 0 -352 0
25 0 -352 0
25 0 -352 0
25 0 -352 0
25 0 -352 0
25 0 -352 0
25 0 -352 0
25 0 -352 0
25 0 -352 0
25 0 -352 0
25 0 -352 0
24 0 -352 0
24 0 -352 0
24 0 -352 0
24 0 -352 0
25 0 -352 0
25 0 -353 0
26 0 -353 0
26 0 -353 0
26 0 -353 0
26 0 -353 0
26 0 -353 0
25 0 -353 0
24 0 -353 0
24 0 -352 0
23 0 -352 0
23 0 -351 0
23 0 -351 0
23 0 -351 0
23 0 -351 0
23 0 -351 0
23 0 -351 0
23 0 -351 0
23 0 -351 0
23 0 -351 0
23 0 -351 0
23 0 -351 0
23 0 -351 0
23 0 -351 0
23 0 -351 0
23 0 -351 0
23 0 -351 0
23 0 -351 0
23 0 -351 0
23 0 -351 0
23 0 -351 0
23 0 -351 0
23 0 -351 0
23 0 -351 0
23 0 -351 0
23 0 -351 0
23 0 -351 0
23 0 -351 0
23 0 -351 0
23 0 -351 0
23 0 -350 0
23 0 -350 0
23 0 -350 0
23 0 -350 0
23 0 -350 0
23 0 -350 0
23 0 -350 0
23 0 -350 0
23 0 -350 0
23 0 -350 0
23 0 -350 0
23 0 -349 0
23 0 -349 0
22 0 -349 0
22 0 -349 0
22 0 -349 0
22 0 -349 0
22 0 -348 0
21 0 -348 0
21 0 -348 0
21 0 -347 0
21 0 -347 0
21 0 -347 0
21 0 -347 0
21 0 -347 0
21 0 -347 0
20 0 -347 0
20 0 -347 0
20 0 -347 0
20 0 -347 0
20 0 -347 0
20 0 -347 0
20 0 -347 0
20 0 -347 0
20 0 -347 0
20 0 -346 0
20 0 -346 0
20 0 -346 0
20 0 -345 0
19 0 -345 0
19 0 -345 0
19 0 -345 0
19 0 -345 0
19 0 -345 0
19 0 -345 0
19 0 -344 0
19 0 -344 0
19 0 -344 0
19 0 -344 0
19 0 -344 0
19 0 -344 0
19 0 -344 0
19 0 -344 0
18 0 -344 0
18 0 -344 0
18 0 -344 0
18 0 -344 0
18 0 -344 0
18 0 -344 0
18 0 -344 0
18 0 -344 0
18 0 -344 0
18 0 -344 0
18 0 -344 0
18 0 -344 0
18 0 -344 0
18 0 -344 0
18 0 -344 0
18 0 -344 0
18 0 -344 0
18 0 -344 0
18 0 -344 0
18 0 -344 0
18 0 -344 0
18 0 -344 0
18 0 -344 0
18 0 -344 0
18 0 -344 0
18 0 -344 0
18 0 -344 0
18 0 -344 0
18 0 -344 0
18 0 -344 0
18 0 -344 0
18 0 -344 0
18 0 -344 0
18 0 -344 0
18 0 -344 0
18 0 -344 0
18 0 -344 0
18 0 -344 0
18 0 -344 0
18 0 -344 0
18 0 -344 0
18 0 -343 0
18 0 -343 0
18 0 -343 0
18 0 -343 0
18 0 -343 0
18 0 -343 0
18 0 -343 0
18 0 -343 0
18 0 -343 0
18 0 -343 0
18 0 -343 0
18 0 -343 0
18 0 -343 0
18 0 -343 0
19 0 -344 0
19 0 -344 0
19 0 -344 0
19 0 -344 0
19 0 -344 0
19 0 -344 0
19 0 -344 0
19 0 -344 0
19 0 -344 0
19 0 -344 0
19 0 -344 0
19 0 -344 0
19 0 -344 0
19 0 -344 0
19 0 -344 0
19 0 -344 0
19 0 -344 0
19 0 -344 0
19 0 -344 0
19 0 -344 0
19 0 -344 0
18 0 -343 0
18 0 -343 0
18 0 -343 0
18 0 -343 0
18 0 -343 0
18 0 -343 0
18 0 -343 0
18 0 -343 0
18 0 -343 0
18 0 -343 0
18 0 -343 0
18 0 -343 0
18 0 -343 0
17 0 -342 0
17 0 -342 0
16 0 -341 0
16 0 -341 0
15 0 -340 0
15 0 -340 0
15 0 -340 0
14 0 -339 0
14 0 -339 0
14 0 -339 0
14 0 -339 0
14 0 -339 0
14 0 -339 0
14 0 -339 0
14 0 -339 0
14 0 -339 0
14 0 -339 0
14 0 -339 0
14 0 -339 0
14 0 -339 0
14 0 -339 0
14 0 -339 0
14 0 -339 0
14 0 -339 0
14 0 -339 0
14 0 -339 0
14 0 -339 0
14 0 -339 0
14 0 -339 0
14 0 -339 0
14 0 -339 0
14 0 -339 0
14 0 -339 0
14 0 -339 0
14 0 -339 0
14 0 -339 0
14 0 -339 0
14 0 -339 0
14 0 -339 0
14 0 -339 0
14 0 -339 0
14 0 -339 0
14 0 -339 0
14 0 -339 0
14 0 -339 0
14 0 -339 0
14 0 -339 0
14 0 -339 0
14 0 -339 0
14 0 -339 0
14 0 -339 0
14 0 -339 0
14 0 -339 0
14 0 -339 0
14 0 -339 0
14 0 -339 0
14 0 -339 0
14 0 -339 0
14 0 -339 0
14 0 -339 0
14 0 -339 0
14 0 -339 0
14 0 -339 0
14 0 -339 0
14 0 -339 0
14 0 -339 0
14 0 -339 0
14 0 -339 0
14 0 -339 0
14 0 -339 0
14 0 -339 0
14 0 -339 0
14 0 -339 0
14 0 -339 0
14 0 -339 0
14 0 -339 0
14 0 -339 0
14 0 -339 0
14 0 -339 0
14 0 -339 0
14 0 -339 0
14 0 -339 0
14 0 -339 0
14 0 -339 0
14 0 -339 0
14 0 -339 0
14 0 -339 0
14 0 -339 0
14 0 -339 0
14 0 -339 0
14 0 -339 0
14 0 -339 0
14 0 -339 0
14 0 -339 0
14 0 -339 0
14 0 -339 0
14 0 -339 0
14 0 -339 0
14 0 -339 0
14 0 -339 0
14 0 -339 0
14 0 -339 0
14 0 -339 0
14 0 -339 0
14 0 -339 0
14 0 -339 0
14 0 -339 0
14 0 -339 0
14 0 -339 0
14 0 -339 0
14 0 -339 0
14 0 -339 0
14 0 -339 0
14 0 -339 0
14 0 -339 0
13 0 -339 0
13 0 -339 0
13 0 -339 0
13 0 -338 0
13 0 -338 0
13 0 -338 0
13 0 -338 0
13 0 -338 0
13 0 -338 0
13 0 -338 0
13 0 -338 0
13 0 -338 0
13 0 -338 0
13 0 -338 0
13 0 -338 0
13 0 -338 0
13 0 -338 0
13 0 -338 0
13 0 -338 0
13 0 -338 0
13 0 -338 0
13 0 -338 0
13 0 -338 0
13 0 -338 0
13 0 -338 0
13 0 -338 0
13 0 -338 0
13 0 -338 0
13 0 -338 0
13 0 -338 0
13 0 -338 0
13 0 -338 0
13 0 -338 0
13 0 -338 0
13 0 -338 0
13 0 -338 0
13 0 -338 0
13 0 -338 0
13 0 -338 0
13 0 -338 0
13 0 -338 0
13 0 -338 0
13 0 -338 0
13 0 -338 0
13 0 -338 0
13 0 -338 0
13 0 -338 0
13 0 -338 0
13 0 -338 0
13 0 -338 0
13 0 -338 0
13 0 -338 0
13 0 -338 0
13 0 -339 0
13 0 -339 0
13 0 -339 0
13 0 -339 0
13 0 -339 0
13 0 -339 0
13 0 -339 0
13 0 -339 0
13 0 -339 0
13 0 -339 0
13 0 -339 0
13 0 -339 0
13 0 -339 0
13 0 -339 0
13 0 -339 0
13 0 -339 0
13 0 -339 0
13 0 -339 0
13 0 -339 0
13 0 -339 0
13 0 -339 0
13 0 -339 0
13 0 -339 0
13 0 -339 0
13 0 -339 0
13 0 -339 0
13 0 -339 0
14 0 -339 0
14 0 -339 0
14 0 -339 0
14 0 -339 0
14 0 -339 0
14 0 -339 0
14 0 -339 0
14 0 -339 0
14 0 -339 0
14 0 -339 0
14 0 -339 0
14 0 -339 0
14 0 -339 0
14 0 -339 0
14 0 -339 0
14 0 -339 0
14 0 -339 0
14 0 -339 0
14 0 -339 0
14 0 -339 0
14 0 -339 0
14 0 -339 0
14 0 -339 0
14 0 -339 0
14 0 -339 0
14 0 -339 0
14 0 -339 0
14 0 -339 0
14 0 -339 0
14 0 -339 0
14 0 -339 0
14 0 -339 0
14 0 -339 0
14 0 -339 0
14 0 -339 0
14 0 -339 0
14 0 -339 0
14 0 -339 0
14 0 -339 0
14 0 -339 0
14 0 -339 0
14 0 -339 0
14 0 -339 0
14 0 -339 0
14 0 -339 0
13 0 -339 0
13 0 -339 0
13 0 -339 0
13 0 -339 0
13 0 -338 0
13 0 -338 0
13 0 -338 0
13 0 -338 0
13 0 -338 0
13 0 -338 0
13 0 -338 0
13 0 -338 0
13 0 -338 0
13 0 -338 0
13 0 -338 0
13 0 -338 0
13 0 -338 0
13 0 -338 0
13 0 -338 0
13 0 -338 0
13 0 -338 0
13 0 -338 0
13 0 -338 0
13 0 -338 0
13 0 -338 0
13 0 -339 0
13 0 -339 0
13 0 -339 0
13 0 -339 0
13 0 -339 0
13 0 -339 0
13 0 -339 0
13 0 -339 0
13 0 -339 0
13 0 -339 0
13 0 -339 0
13 0 -339 0
13 0 -339 0
13 0 -339 0
13 0 -339 0
13 0 -339 0
13 0 -339 0
13 0 -339 0
13 0 -339 0
13 0 -339 0
13 0 -339 0
13 0 -339 0
13 0 -339 0
13 0 -339 0
13 0 -339 0
13 0 -339 0
13 0 -339 0
13 0 -338 0
13 0 -338 0
13 0 -338 0
13 0 -338 0
13 0 -338 0
13 0 -338 0
13 0 -338 0
13 0 -338 0
13 0 -338 0
13 0 -338 0
13 0 -338 0
13 0 -338 0
13 0 -338 0
13 0 -338 0
13 0 -338 0
13 0 -338 0
13 0 -338 0
13 0 -338 0
13 0 -338 0
13 0 -338 0
13 0 -338 0
13 0 -338 0
13 0 -338 0
13 0 -338 0
13 0 -338 0
13 0 -338 0
13 0 -338 0
13 0 -338 0
13 0 -338 0
13 0 -338 0
13 0 -338 0
13 0 -338 0
13 0 -338 0
12 0 -338 0
12 0 -338 0
12 0 -338 0
12 0 -338 0
12 0 -338 0
12 0 -338 0
12 0 -338 0
12 0 -338 0
12 0 -338 0
12 0 -338 0
12 0 -338 0
12 0 -338 0
12 0 -338 0
12 0 -338 0
12 0 -338 0
12 0 -338 0
12 0 -338 0
12 0 -338 0
12 0 -338 0
12 0 -338 0
12 0 -338 0
12 0 -338 0
12 0 -338 0
12 0 -338 0
12 0 -338 0
12 0 -338 0
12 0 -338 0
12 0 -338 0
12 0 -338 0
12 0 -338 0
12 0 -338 0
12 0 -337 0
12 0 -337 0
12 0 -337 0
12 0 -337 0
12 0 -337 0
12 0 -337 0
12 0 -337 0
12 0 -337 0
12 0 -337 0
12 0 -337 0
12 0 -337 0
12 0 -337 0
12 0 -337 0
12 0 -337 0
12 0 -337 0
12 0 -337 0
12 0 -337 0
12 0 -337 0
12 0 -337 0
12 0 -337 0
12 0 -337 0
12 0 -337 0
12 0 -337 0
12 0 -337 0
12 0 -337 0
12 0 -337 0
12 0 -337 0
12 0 -337 0
12 0 -337 0
12 0 -337 0
12 0 -337 0
12 0 -337 0
12 0 -337 0
12 0 -337 0
12 0 -337 0
12 0 -337 0
12 0 -337 0
12 0 -337 0
12 0 -337 0
12 0 -337 0
13 0 -338 0
13 0 -338 0
13 0 -338 0
13 0 -338 0
13 0 -338 0
13 0 -338 0
13 0 -338 0
13 0 -338 0
13 0 -338 0
13 0 -338 0
13 0 -338 0
13 0 -338 0
13 0 -338 0
13 0 -338 0
13 0 -338 0
13 0 -338 0
13 0 -338 0
13 0 -338 0
13 0 -338 0
13 0 -338 0
13 0 -338 0
13 0 -338 0
13 0 -338 0
13 0 -338 0
13 0 -338 0
13 0 -338 0
13 0 -338 0
13 0 -338 0
13 0 -338 0
13 0 -338 0
13 0 -338 0
13 0 -338 0
13 0 -338 0
13 0 -338 0
13 0 -338 0
13 0 -338 0
13 0 -338 0
13 0 -338 0
13 0 -338 0
13 0 -338 0
13 0 -338 0
13 0 -338 0
13 0 -338 0
13 0 -338 0
13 0 -338 0
13 0 -338 0
13 0 -338 0
13 0 -338 0
13 0 -338 0
13 0 -338 0
13 0 -338 0
13 0 -338 0
13 0 -339 0
13 0 -339 0
13 0 -339 0
13 0 -339 0
13 0 -339 0
13 0 -339 0
13 0 -339 0
13 0 -339 0
13 0 -339 0
13 0 -339 0
13 0 -339 0
13 0 -339 0
13 0 -339 0
13 0 -339 0
13 0 -339 0
13 0 -339 0
13 0 -339 0
13 0 -339 0
13 0 -339 0
13 0 -339 0
13 0 -339 0
13 0 -339 0
13 0 -339 0
13 0 -339 0
13 0 -339 0
13 0 -339 0
13 0 -339 0
13 0 -339 0
13 0 -339 0
13 0 -339 0
13 0 -339 0
13 0 -339 0
13 0 -339 0
13 0 -339 0
13 0 -339 0
13 0 -339 0
13 0 -339 0
13 0 -339 0
13 0 -339 0
13 0 -338 0
13 0 -338 0
13 0 -338 0
13 0 -337 0
12 0 -337 0
12 0 -337 0
12 0 -337 0
12 0 -337 0
12 0 -337 0
12 0 -337 0
12 0 -337 0
12 0 -337 0
12 0 -337 0
12 0 -337 0
12 0 -337 0
12 0 -337 0
12 0 -336 0
12 0 -336 0
11 0 -336 0
11 0 -336 0
11 0 -336 0
11 0 -336 0
11 0 -336 0
11 0 -336 0
11 0 -336 0
11 0 -336 0
11 0 -336 0
11 0 -336 0
11 0 -336 0
11 0 -336 0
11 0 -336 0
9 0 -334 0
8 0 -333 0
7 0 -332 0
7 0 -331 0
7 0 -331 0
6 0 -331 0
6 0 -331 0
6 0 -331 0
6 0 -331 0
6 0 -331 0
6 0 -331 0
6 0 -331 0
6 0 -331 0
6 0 -331 0
6 0 -331 0
6 0 -331 0
6 0 -331 0
6 0 -331 0
7 0 -331 0
7 0 -331 0
7 0 -331 0
7 0 -331 0
7 0 -331 0
7 0 -331 0
7 0 -331 0
7 0 -331 0
7 0 -331 0
7 0 -331 0
7 0 -331 0
7 0 -331 0
7 0 -331 0
7 0 -331 0
7 0 -331 0
7 0 -331 0
8 0 -331 0
8 0 -331 0
8 0 -331 0
8 0 -331 0
8 0 -331 0
8 0 -331 0
8 0 -331 0
8 0 -331 0
8 0 -331 0
8 0 -331 0
8 0 -331 0
8 0 -331 0
8 0 -331 0
8 0 -331 0
8 0 -331 0
8 0 -331 0
8 0 -331 0
8 0 -331 0
8 0 -331 0
8 0 -331 0
8 0 -331 0
8 0 -331 0
8 0 -331 0
8 0 -331 0
8 0 -331 0
8 0 -331 0
8 0 -331 0
8 0 -331 0
8 0 -331 0
8 0 -331 0
8 0 -331 0
8 0 -331 0
8 0 -331 0
8 0 -331 0
8 0 -331 0
8 0 -331 0
8 0 -331 0
8 0 -331 0
8 0 -331 0
8 0 -331 0
8 0 -331 0
8 0 -331 0
8 0 -331 0
8 0 -331 0
8 0 -331 0
8 0 -331 0
8 0 -331 0
8 0 -331 0
8 0 -331 0
8 0 -331 0
8 0 -331 0
8 0 -331 0
8 0 -331 0
8 0 -331 0
8 0 -331 0
8 0 -331 0
8 0 -331 0
8 0 -331 0
8 0 -331 0
8 0 -331 0
8 0 -331 0
8 0 -331 0
8 0 -331 0
8 0 -331 0
8 0 -331 0
8 0 -331 0
8 0 -331 0
8 0 -331 0
8 0 -331 0
8 0 -331 0
8 0 -331 0
7 0 -331 0
7 0 -331 0
7 0 -331 0
7 0 -331 0
7 0 -331 0
7 0 -331 0
7 0 -331 0
7 0 -331 0
7 0 -331 0
7 0 -331 0
7 0 -331 0
7 0 -331 0
7 0 -331 0
7 0 -331 0
7 0 -331 0
7 0 -331 0
7 0 -331 0
7 0 -331 0
7 0 -331 0
7 0 -331 0
7 0 -331 0
7 0 -331 0
7 0 -331 0
7 0 -331 0
7 0 -331 0
7 0 -331 0
7 0 -331 0
7 0 -331 0
7 0 -331 0
7 0 -331 0
7 0 -331 0
7 0 -331 0
7 0 -331 0
7 0 -331 0
7 0 -331 0
7 0 -331 0
7 0 -331 0
7 0 -331 0
7 0 -331 0
7 0 -331 0
7 0 -331 0
7 0 -331 0
7 0 -331 0
7 0 -331 0
7 0 -331 0
7 0 -331 0
7 0 -331 0
7 0 -331 0
7 0 -331 0
7 0 -331 0
7 0 -331 0
7 0 -331 0
7 0 -331 0
7 0 -331 0
7 0 -331 0
7 0 -331 0
7 0 -331 0
7 0 -331 0
7 0 -331 0
7 0 -331 0
7 0 -331 0
7 0 -331 0
7 0 -331 0
7 0 -331 0
7 0 -331 0
7 0 -331 0
7 0 -331 0
7 0 -331 0
7 0 -331 0
7 0 -331 0
7 0 -331 0
7 0 -331 0
7 0 -331 0
7 0 -331 0
7 0 -331 0
7 0 -331 0
7 0 -331 0
7 0 -331 0
7 0 -331 0
7 0 -331 0
7 0 -331 0
7 0 -331 0
7 0 -331 0
7 0 -331 0
7 0 -331 0
7 0 -331 0
7 0 -331 0
7 0 -331 0
7 0 -331 0
7 0 -331 0
7 0 -331 0
7 0 -331 0
7 0 -331 0
7 0 -331 0
7 0 -331 0
7 0 -331 0
7 0 -331 0
7 0 -331 0
7 0 -331 0
7 0 -331 0
7 0 -331 0
7 0 -331 0
7 0 -331 0
7 0 -331 0
7 0 -331 0
7 0 -331 0
7 0 -331 0
7 0 -331 0
7 0 -331 0
7 0 -331 0
7 0 -331 0
7 0 -331 0
7 0 -331 0
7 0 -331 0
7 0 -331 0
7 0 -331 0
7 0 -331 0
7 0 -331 0
7 0 -331 0
7 0 -331 0
7 0 -331 0
7 0 -331 0
7 0 -331 0
7 0 -331 0
7 0 -331 0
7 0 -331 0
7 0 -331 0
7 0 -331 0
7 0 -331 0
7 0 -331 0
7 0 -331 0
7 0 -331 0
7 0 -331 0
7 0 -331 0
7 0 -331 0
7 0 -331 0
7 0 -331 0
7 0 -331 0
7 0 -331 0
7 0 -331 0
7 0 -331 0
7 0 -331 0
7 0 -331 0
7 0 -331 0
7 0 -331 0
7 0 -331 0
7 0 -331 0
7 0 -331 0
7 0 -331 0
7 0 -331 0
7 0 -331 0
7 0 -331 0
7 0 -331 0
7 0 -331 0
7 0 -331 0
7 0 -331 0
7 0 -331 0
7 0 -331 0
7 0 -331 0
7 0 -331 0
7 0 -331 0
7 0 -331 0
7 0 -331 0
7 0 -331 0
7 0 -331 0
7 0 -331 0
7 0 -331 0
7 0 -331 0
7 0 -331 0
7 0 -331 0
7 0 -331 0
7 0 -331 0
7 0 -331 0
7 0 -331 0
7 0 -331 0
7 0 -331 0
7 0 -331 0
7 0 -331 0
7 0 -331 0
7 0 -331 0
7 0 -331 0
7 0 -331 0
7 0 -331 0
7 0 -331 0
7 0 -331 0
7 0 -331 0
7 0 -331 0
7 0 -331 0
7 0 -331 0
7 0 -331 0
7 0 -331 0
7 0 -331 0
7 0 -331 0
7 0 -331 0
7 0 -331 0
7 0 -331 0
7 0 -331 0
7 0 -331 0
7 0 -331 0
7 0 -331 0
7 0 -331 0
7 0 -331 0
7 0 -331 0
7 0 -331 0
7 0 -331 0
7 0 -331 0
7 0 -331 0
7 0 -331 0
7 0 -331 0
7 0 -331 0
7 0 -331 0
7 0 -331 0
7 0 -331 0
7 0 -331 0
7 0 -331 0
7 0 -331 0
7 0 -331 0
7 0 -331 0
7 0 -331 0
7 0 -331 0
7 0 -331 0
7 0 -331 0
7 0 -331 0
7 0 -331 0
7 0 -331 0
7 0 -331 0
7 0 -331 0
7 0 -331 0
7 0 -331 0
7 0 -331 0
7 0 -331 0
7 0 -331 0
7 0 -331 0
7 0 -331 0
7 0 -331 0
7 0 -331 0
7 0 -331 0
7 0 -331 0
7 0 -331 0
7 0 -331 0
7 0 -331 0
7 0 -331 0
7 0 -331 0
7 0 -331 0
7 0 -331 0
7 0 -331 0
7 0 -331 0
7 0 -331 0
7 0 -331 0
7 0 -331 0
7 0 -331 0
8 0 -331 0
8 0 -331 0
8 0 -331 0
8 0 -331 0
8 0 -331 0
8 0 -331 0
8 0 -331 0
8 0 -331 0
8 0 -331 0
8 0 -331 0
8 0 -331 0
8 0 -331 0
8 0 -331 0
8 0 -331 0
8 0 -331 0
8 0 -331 0
8 0 -331 0
8 0 -331 0
8 0 -331 0
8 0 -331 0
8 0 -331 0
8 0 -331 0
8 0 -331 0
8 0 -331 0
8 0 -331 0
8 0 -331 0
8 0 -331 0
8 0 -331 0
8 0 -331 0
8 0 -331 0
8 0 -332 0
9 0 -332 0
9 0 -333 0
9 0 -333 0
9 0 -333 0
9 0 -333 0
9 0 -333 0
9 0 -333 0
9 0 -333 0
9 0 -333 0
9 0 -333 0
9 0 -333 0
9 0 -333 0
9 0 -333 0
10 0 -333 0
10 0 -333 0
10 0 -333 0
10 0 -334 0
10 0 -334 0
10 0 -334 0
10 0 -334 0
10 0 -334 0
10 0 -334 0
10 0 -334 0
10 0 -334 0
11 0 -334 0
11 0 -335 0
11 0 -335 0
11 0 -335 0
11 0 -335 0
11 0 -335 0
11 0 -335 0
11 0 -335 0
11 0 -335 0
11 0 -335 0
11 0 -335 0
11 0 -335 0
11 0 -335 0
11 0 -335 0
11 0 -335 0
11 0 -335 0
11 0 -335 0
11 0 -335 0
11 0 -335 0
11 0 -335 0
11 0 -335 0
11 0 -335 0
11 0 -335 0
11 0 -335 0
11 0 -335 0
11 0 -335 0
11 0 -335 0
11 0 -335 0
11 0 -335 0
11 0 -335 0
11 0 -335 0
11 0 -335 0
11 0 -335 0
11 0 -335 0
11 0 -335 0
11 0 -335 0
11 0 -335 0
11 0 -335 0
11 0 -335 0
11 0 -335 0
11 0 -335 0
11 0 -335 0
11 0 -335 0
11 0 -335 0
11 0 -335 0
11 0 -335 0
11 0 -335 0
11 0 -335 0
11 0 -335 0
11 0 -335 0
11 0 -335 0
11 0 -335 0
11 0 -335 0
11 0 -335 0
11 0 -335 0
11 0 -335 0
11 0 -335 0
11 0 -335 0
11 0 -335 0
11 0 -335 0
11 0 -335 0
11 0 -335 0
11 0 -335 0
11 0 -335 0
11 0 -335 0
11 0 -335 0
12 0 -336 0
12 0 -336 0
12 0 -336 0
12 0 -336 0
11 0 -336 0
11 0 -336 0
11 0 -336 0
11 0 -336 0
11 0 -336 0
11 0 -336 0
11 0 -336 0
11 0 -336 0
11 0 -336 0
11 0 -336 0
11 0 -336 0
11 0 -336 0
11 0 -336 0
11 0 -336 0
11 0 -336 0
11 0 -336 0
11 0 -336 0
11 0 -336 0
11 0 -335 0
11 0 -335 0
11 0 -335 0
11 0 -335 0
11 0 -335 0
11 0 -335 0
11 0 -335 0
11 0 -335 0
11 0 -335 0
11 0 -335 0
11 0 -335 0
11 0 -335 0
11 0 -335 0
11 0 -335 0
11 0 -335 0
11 0 -335 0
11 0 -335 0
11 0 -335 0
11 0 -335 0
11 0 -335 0
11 0 -335 0
11 0 -335 0
11 0 -335 0
11 0 -335 0
11 0 -335 0
11 0 -335 0
11 0 -335 0
11 0 -335 0
11 0 -335 0
11 0 -335 0
11 0 -335 0
11 0 -335 0
11 0 -335 0
11 0 -335 0
11 0 -335 0
11 0 -335 0
11 0 -335 0
11 0 -335 0
11 0 -335 0
11 0 -335 0
11 0 -335 0
11 0 -335 0
11 0 -335 0
11 0 -335 0
11 0 -335 0
11 0 -335 0
11 0 -335 0
11 0 -335 0
11 0 -335 0
11 0 -335 0
11 0 -335 0
11 0 -335 0
11 0 -335 0
11 0 -335 0
11 0 -335 0
11 0 -335 0
11 0 -335 0
11 0 -335 0
11 0 -335 0
11 0 -335 0
11 0 -335 0
11 0 -335 0
11 0 -335 0
11 0 -335 0
11 0 -335 0
11 0 -335 0
11 0 -335 0
11 0 -335 0
11 0 -335 0
11 0 -335 0
11 0 -335 0
11 0 -335 0
11 0 -335 0
11 0 -335 0
11 0 -335 0
11 0 -335 0
11 0 -335 0
11 0 -335 0
11 0 -335 0
11 0 -335 0
11 0 -335 0
11 0 -335 0
11 0 -335 0
11 0 -335 0
11 0 -335 0
11 0 -335 0
11 0 -335 0
11 0 -335 0
11 0 -335 0
11 0 -335 0
11 0 -335 0
10 0 -335 0
10 0 -335 0
10 0 -335 0
10 0 -335 0
10 0 -335 0
10 0 -335 0
10 0 -335 0
10 0 -335 0
10 0 -335 0
10 0 -335 0
10 0 -335 0
10 0 -335 0
10 0 -335 0
10 0 -335 0
10 0 -335 0
10 0 -335 0
10 0 -335 0
10 0 -335 0
10 0 -335 0
10 0 -335 0
10 0 -335 0
10 0 -335 0
10 0 -335 0
10 0 -335 0
10 0 -335 0
10 0 -335 0
10 0 -335 0
10 0 -335 0
10 0 -335 0
10 0 -335 0
10 0 -335 0
10 0 -335 0
10 0 -335 0
10 0 -335 0
10 0 -335 0
10 0 -335 0
10 0 -335 0
10 0 -335 0
10 0 -335 0
10 0 -335 0
10 0 -335 0
10 0 -335 0
10 0 -335 0
10 0 -335 0
10 0 -335 0
10 0 -335 0
10 0 -335 0
10 0 -335 0
10 0 -335 0
10 0 -335 0
10 0 -335 0
10 0 -335 0
10 0 -335 0
10 0 -335 0
10 0 -335 0
10 0 -335 0
10 0 -335 0
10 0 -335 0
10 0 -335 0
11 0 -335 0
11 0 -335 0
11 0 -335 0
11 0 -335 0
11 0 -335 0
11 0 -335 0
11 0 -335 0
11 0 -336 0
11 0 -336 0
11 0 -336 0
11 0 -336 0
11 0 -336 0
11 0 -336 0
11 0 -336 0
11 0 -336 0
11 0 -336 0
11 0 -336 0
11 0 -336 0
12 0 -336 0
12 0 -336 0
12 0 -336 0
12 0 -336 0
12 0 -336 0
12 0 -336 0
12 0 -336 0
12 0 -336 0
12 0 -337 0
12 0 -337 0
12 0 -337 0
12 0 -337 0
12 0 -337 0
12 0 -337 0
12 0 -337 0
12 0 -337 0
12 0 -337 0
12 0 -337 0
12 0 -337 0
12 0 -337 0
12 0 -337 0
12 0 -337 0
12 0 -337 0
12 0 -337 0
12 0 -337 0
12 0 -337 0
12 0 -337 0
12 0 -337 0
12 0 -337 0
12 0 -337 0
12 0 -337 0
12 0 -337 0
12 0 -337 0
12 0 -337 0
12 0 -337 0
12 0 -337 0
12 0 -337 0
12 0 -337 0
12 0 -337 0
12 0 -337 0
12 0 -337 0
12 0 -337 0
12 0 -337 0
12 0 -337 0
13 0 -337 0
13 0 -337 0
13 0 -337 0
13 0 -337 0
13 0 -337 0
13 0 -337 0
13 0 -337 0
13 0 -338 0
13 0 -338 0
13 0 -338 0
13 0 -338 0
13 0 -338 0
13 0 -338 0
13 0 -338 0
13 0 -338 0
13 0 -338 0
13 0 -338 0
13 0 -338 0
13 0 -338 0
13 0 -338 0
13 0 -338 0
13 0 -338 0
13 0 -338 0
13 0 -338 0
13 0 -338 0
13 0 -338 0
13 0 -338 0
13 0 -338 0
13 0 -338 0
13 0 -338 0
13 0 -338 0
13 0 -338 0
13 0 -338 0
13 0 -338 0
13 0 -338 0
13 0 -338 0
13 0 -338 0
13 0 -338 0
13 0 -338 0
13 0 -338 0
13 0 -338 0
13 0 -338 0
13 0 -338 0
13 0 -338 0
13 0 -338 0
13 0 -338 0
13 0 -338 0
13 0 -338 0
13 0 -338 0
13 0 -338 0
13 0 -338 0
13 0 -338 0
13 0 -338 0
13 0 -338 0
13 0 -338 0
13 0 -338 0
13 0 -338 0
13 0 -338 0
13 0 -338 0
13 0 -338 0
13 0 -338 0
13 0 -338 0
13 0 -338 0
13 0 -338 0
13 0 -338 0
13 0 -338 0
13 0 -338 0
13 0 -338 0
13 0 -338 0
13 0 -338 0
13 0 -338 0
13 0 -338 0
13 0 -338 0
13 0 -338 0
13 0 -338 0
13 0 -338 0
13 0 -338 0
13 0 -338 0
13 0 -338 0
13 0 -338 0
13 0 -338 0
13 0 -338 0
13 0 -338 0
13 0 -338 0
13 0 -338 0
13 0 -338 0
13 0 -338 0
13 0 -338 0
13 0 -338 0
13 0 -338 0
12 0 -338 0
12 0 -338 0
12 0 -338 0
12 0 -338 0
12 0 -337 0
12 0 -337 0
12 0 -337 0
12 0 -337 0
12 0 -337 0
12 0 -337 0
12 0 -337 0
12 0 -337 0
12 0 -337 0
12 0 -337 0
12 0 -337 0
12 0 -337 0
12 0 -337 0
12 0 -337 0
12 0 -337 0
12 0 -337 0
12 0 -337 0
12 0 -337 0
12 0 -337 0
12 0 -337 0
12 0 -337 0
12 0 -337 0
12 0 -337 0
12 0 -337 0
12 0 -337 0
12 0 -337 0
12 0 -337 0
12 0 -337 0
12 0 -337 0
12 0 -337 0
12 0 -337 0
13 0 -338 0
13 0 -338 0
13 0 -338 0
13 0 -338 0
13 0 -338 0
13 0 -338 0
13 0 -338 0
13 0 -338 0
13 0 -338 0
13 0 -338 0
13 0 -338 0
13 0 -338 0
13 0 -338 0
13 0 -338 0
13 0 -338 0
13 0 -338 0
13 0 -338 0
13 0 -338 0
13 0 -338 0
13 0 -338 0
13 0 -338 0
13 0 -338 0
13 0 -338 0
13 0 -338 0
13 0 -338 0
13 0 -338 0
13 0 -338 0
13 0 -338 0
13 0 -338 0
13 0 -338 0
13 0 -338 0
13 0 -338 0
13 0 -338 0
13 0 -338 0
13 0 -338 0
13 0 -338 0
13 0 -338 0
13 0 -338 0
13 0 -338 0
13 0 -338 0
13 0 -338 0
13 0 -338 0
13 0 -338 0
13 0 -338 0
13 0 -338 0
13 0 -338 0
13 0 -338 0
13 0 -338 0
13 0 -338 0
13 0 -338 0
13 0 -338 0
13 0 -338 0
13 0 -338 0
13 0 -338 0
13 0 -338 0
13 0 -338 0
13 0 -338 0
13 0 -338 0
13 0 -338 0
12 0 -338 0
12 0 -338 0
12 0 -337 0
12 0 -337 0
12 0 -337 0
12 0 -337 0
12 0 -337 0
13 0 -338 0
13 0 -338 0
13 0 -338 0
13 0 -338 0
12 0 -338 0
12 0 -337 0
12 0 -337 0
12 0 -337 0
12 0 -337 0
12 0 -337 0
12 0 -337 0
12 0 -337 0
12 0 -337 0
12 0 -337 0
12 0 -337 0
12 0 -337 0
12 0 -337 0
12 0 -337 0
12 0 -337 0
12 0 -337 0
12 0 -337 0
12 0 -337 0
12 0 -337 0
12 0 -337 0
12 0 -337 0
12 0 -337 0
12 0 -337 0
12 0 -337 0
12 0 -337 0
12 0 -337 0
12 0 -337 0
12 0 -337 0
12 0 -337 0
12 0 -337 0
12 0 -337 0
12 0 -337 0
12 0 -337 0
12 0 -337 0
12 0 -337 0
12 0 -337 0
12 0 -337 0
12 0 -337 0
12 0 -337 0
12 0 -337 0
12 0 -337 0
12 0 -337 0
12 0 -337 0
12 0 -337 0
12 0 -337 0
12 0 -337 0
12 0 -337 0
12 0 -337 0
12 0 -337 0
12 0 -337 0
12 0 -337 0
12 0 -337 0
12 0 -337 0
12 0 -337 0
12 0 -337 0
12 0 -337 0
12 0 -337 0
12 0 -337 0
12 0 -337 0
12 0 -337 0
12 0 -337 0
12 0 -337 0
12 0 -337 0
12 0 -337 0
12 0 -337 0
12 0 -337 0
12 0 -337 0
12 0 -337 0
12 0 -337 0
12 0 -337 0
12 0 -337 0
12 0 -337 0
12 0 -337 0
12 0 -337 0
12 0 -337 0
12 0 -337 0
12 0 -337 0
12 0 -337 0
12 0 -337 0
12 0 -337 0
12 0 -337 0
12 0 -337 0
12 0 -337 0
12 0 -337 0
12 0 -337 0
12 0 -337 0
12 0 -337 0
12 0 -337 0
12 0 -337 0
12 0 -337 0
12 0 -337 0
12 0 -337 0
12 0 -337 0
12 0 -337 0
12 0 -337 0
12 0 -337 0
12 0 -337 0
12 0 -337 0
12 0 -337 0
12 0 -337 0
12 0 -337 0
12 0 -337 0
12 0 -337 0
12 0 -337 0
12 0 -337 0
12 0 -337 0
12 0 -337 0
12 0 -337 0
12 0 -337 0
12 0 -337 0
12 0 -337 0
12 0 -337 0
12 0 -337 0
12 0 -337 0
12 0 -337 0
12 0 -337 0
12 0 -337 0
12 0 -337 0
12 0 -337 0
12 0 -337 0
12 0 -337 0
12 0 -337 0
12 0 -337 0
12 0 -337 0
12 0 -337 0
12 0 -337 0
12 0 -337 0
12 0 -337 0
12 0 -337 0
12 0 -337 0
12 0 -337 0
12 0 -337 0
12 0 -337 0
12 0 -337 0
12 0 -337 0
12 0 -337 0
12 0 -337 0
12 0 -337 0
12 0 -337 0
12 0 -337 0
12 0 -337 0
12 0 -337 0
12 0 -337 0
12 0 -337 0
12 0 -337 0
12 0 -337 0
12 0 -337 0
12 0 -337 0
12 0 -337 0
12 0 -337 0
12 0 -337 0
12 0 -337 0
12 0 -337 0
12 0 -337 0
12 0 -337 0
12 0 -337 0
12 0 -337 0
12 0 -337 0
12 0 -337 0
12 0 -337 0
12 0 -337 0
12 0 -337 0
12 0 -337 0
12 0 -337 0
12 0 -337 0
12 0 -337 0
12 0 -337 0
12 0 -337 0
12 0 -337 0
12 0 -337 0
12 0 -337 0
12 0 -337 0
12 0 -337 0
12 0 -337 0
12 0 -337 0
12 0 -337 0
12 0 -337 0
12 0 -337 0
12 0 -337 0
12 0 -337 0
12 0 -337 0
12 0 -337 0
12 0 -337 0
12 0 -337 0
12 0 -337 0
12 0 -337 0
12 0 -337 0
12 0 -337 0
12 0 -337 0
12 0 -337 0
12 0 -337 0
12 0 -337 0
12 0 -337 0
12 0 -337 0
12 0 -337 0
12 0 -337 0
12 0 -337 0
12 0 -337 0
12 0 -337 0
12 0 -337 0
12 0 -337 0
12 0 -337 0
12 0 -337 0
12 0 -337 0
12 0 -337 0
12 0 -337 0
12 0 -337 0
12 0 -337 0
12 0 -337 0
12 0 -337 0
12 0 -337 0
12 0 -337 0
12 0 -337 0
12 0 -337 0
12 0 -337 0
12 0 -337 0
12 0 -337 0
12 0 -337 0
12 0 -337 0
12 0 -337 0
12 0 -337 0
12 0 -337 0
12 0 -337 0
12 0 -337 0
12 0 -337 0
12 0 -337 0
12 0 -337 0
12 0 -337 0
12 0 -337 0
12 0 -337 0
12 0 -337 0
12 0 -337 0
12 0 -337 0
12 0 -337 0
12 0 -337 0
12 0 -337 0
12 0 -337 0
12 0 -337 0
12 0 -337 0
12 0 -337 0
12 0 -337 0
12 0 -337 0
12 0 -337 0
12 0 -337 0
12 0 -337 0
12 0 -337 0
12 0 -337 0
12 0 -337 0
12 0 -337 0
12 0 -337 0
12 0 -337 0
12 0 -337 0
12 0 -337 0
12 0 -337 0
12 0 -337 0
12 0 -337 0
12 0 -337 0
12 0 -337 0
12 0 -337 0
12 0 -337 0
12 0 -337 0
12 0 -337 0
13 0 -337 0
13 0 -337 0
13 0 -337 0
13 0 -337 0
13 0 -337 0
13 0 -337 0
13 0 -337 0
13 0 -337 0
13 0 -337 0
13 0 -337 0
13 0 -337 0
13 0 -337 0
13 0 -338 0
13 0 -338 0
13 0 -338 0
13 0 -338 0
13 0 -338 0
13 0 -338 0
13 0 -338 0
13 0 -338 0
13 0 -338 0
13 0 -338 0
13 0 -338 0
13 0 -338 0
13 0 -338 0
13 0 -338 0
13 0 -338 0
13 0 -338 0
13 0 -338 0
13 0 -338 0
13 0 -338 0
13 0 -338 0
13 0 -338 0
13 0 -338 0
13 0 -338 0
13 0 -338 0
13 0 -338 0
13 0 -338 0
13 0 -338 0
13 0 -339 0
13 0 -339 0
13 0 -339 0
13 0 -339 0
13 0 -339 0
13 0 -339 0
13 0 -339 0
13 0 -339 0
13 0 -339 0
13 0 -339 0
13 0 -339 0
13 0 -339 0
13 0 -339 0
13 0 -339 0
13 0 -339 0
13 0 -339 0
13 0 -339 0
13 0 -339 0
13 0 -339 0
13 0 -339 0
13 0 -339 0
13 0 -339 0
13 0 -339 0
13 0 -339 0
13 0 -339 0
13 0 -339 0
13 0 -339 0
13 0 -339 0
13 0 -339 0
13 0 -339 0
13 0 -339 0
13 0 -339 0
13 0 -339 0
13 0 -339 0
13 0 -339 0
13 0 -339 0
13 0 -339 0
13 0 -339 0
13 0 -339 0
13 0 -339 0
13 0 -339 0
13 0 -339 0
13 0 -339 0
13 0 -339 0
13 0 -339 0
13 0 -339 0
13 0 -339 0
13 0 -339 0
13 0 -339 0
13 0 -339 0
13 0 -339 0
13 0 -339 0
13 0 -339 0
13 0 -339 0
13 0 -339 0
13 0 -339 0
13 0 -339 0
13 0 -339 0
13 0 -339 0
13 0 -339 0
13 0 -339 0
13 0 -339 0
13 0 -339 0
13 0 -339 0
13 0 -339 0
13 0 -339 0
13 0 -339 0
13 0 -339 0
13 0 -339 0
13 0 -339 0
13 0 -339 0
13 0 -339 0
13 0 -339 0
13 0 -339 0
13 0 -339 0
13 0 -339 0
13 0 -339 0
13 0 -339 0
13 0 -339 0
13 0 -339 0
13 0 -339 0
13 0 -339 0
13 0 -339 0
13 0 -339 0
13 0 -339 0
13 0 -339 0
13 0 -339 0
13 0 -339 0
13 0 -339 0
13 0 -339 0
13 0 -339 0
13 0 -339 0
13 0 -339 0
13 0 -339 0
13 0 -339 0
13 0 -339 0
13 0 -339 0
13 0 -339 0
13 0 -339 0
13 0 -339 0
13 0 -339 0
13 0 -339 0
13 0 -339 0
13 0 -339 0
13 0 -339 0
13 0 -339 0
13 0 -339 0
13 0 -339 0
13 0 -339 0
13 0 -339 0
13 0 -339 0
13 0 -339 0
13 0 -339 0
13 0 -339 0
13 0 -339 0
13 0 -339 0
13 0 -339 0
13 0 -339 0
13 0 -339 0
13 0 -339 0
13 0 -339 0
13 0 -339 0
13 0 -339 0
13 0 -339 0
13 0 -339 0
13 0 -339 0
13 0 -339 0
13 0 -339 0
13 0 -339 0
13 0 -339 0
13 0 -339 0
13 0 -339 0
13 0 -339 0
13 0 -339 0
13 0 -339 0
13 0 -339 0
13 0 -339 0
13 0 -339 0
13 0 -339 0
13 0 -339 0
13 0 -339 0
13 0 -339 0
13 0 -339 0
13 0 -339 0
13 0 -339 0
13 0 -339 0
13 0 -339 0
13 0 -339 0
13 0 -339 0
13 0 -339 0
13 0 -339 0
13 0 -339 0
13 0 -339 0
13 0 -339 0
13 0 -339 0
13 0 -339 0
13 0 -339 0
13 0 -339 0
13 0 -339 0
13 0 -339 0
13 0 -339 0
13 0 -339 0
13 0 -339 0
13 0 -339 0
13 0 -339 0
13 0 -339 0
13 0 -339 0
13 0 -339 0
13 0 -339 0
13 0 -339 0
13 0 -339 0
13 0 -339 0
13 0 -339 0
13 0 -339 0
13 0 -339 0
13 0 -339 0
13 0 -339 0
13 0 -339 0
13 0 -339 0
13 0 -339 0
13 0 -339 0
13 0 -339 0
13 0 -339 0
13 0 -339 0
13 0 -339 0
13 0 -339 0
13 0 -339 0
13 0 -339 0
13 0 -339 0
13 0 -339 0
13 0 -339 0
13 0 -339 0
13 0 -339 0
13 0 -339 0
13 0 -339 0
13 0 -339 0
13 0 -339 0
13 0 -339 0
13 0 -339 0
13 0 -339 0
13 0 -339 0
13 0 -339 0
13 0 -339 0
13 0 -339 0
13 0 -339 0
13 0 -339 0
13 0 -339 0
13 0 -339 0
13 0 -339 0
13 0 -339 0
13 0 -339 0
13 0 -339 0
13 0 -339 0
13 0 -339 0
13 0 -339 0
13 0 -339 0
13 0 -339 0
13 0 -339 0
13 0 -339 0
13 0 -339 0
13 0 -339 0
13 0 -339 0
13 0 -339 0
13 0 -339 0
13 0 -339 0
13 0 -339 0
13 0 -339 0
13 0 -339 0
13 0 -339 0
13 0 -339 0
13 0 -339 0
13 0 -339 0
13 0 -339 0
13 0 -339 0
13 0 -339 0
13 0 -339 0
13 0 -339 0
13 0 -339 0
13 0 -339 0
13 0 -339 0
13 0 -339 0
13 0 -339 0
13 0 -339 0
13 0 -339 0
13 0 -339 0
13 0 -338 0
13 0 -338 0
13 0 -338 0
13 0 -338 0
13 0 -338 0
13 0 -338 0
13 0 -338 0
13 0 -338 0
13 0 -338 0
13 0 -338 0
13 0 -338 0
13 0 -338 0
13 0 -338 0
13 0 -338 0
13 0 -338 0
13 0 -338 0
13 0 -338 0
13 0 -338 0
13 0 -338 0
13 0 -338 0
13 0 -338 0
13 0 -338 0
13 0 -338 0
13 0 -338 0
13 0 -338 0
13 0 -338 0
13 0 -338 0
13 0 -338 0
13 0 -338 0
13 0 -338 0
13 0 -338 0
13 0 -338 0
13 0 -338 0
13 0 -338 0
13 0 -338 0
13 0 -338 0
13 0 -338 0
13 0 -338 0
13 0 -338 0
13 0 -338 0
13 0 -338 0
13 0 -338 0
13 0 -338 0
13 0 -338 0
13 0 -338 0
13 0 -338 0
13 0 -338 0
13 0 -338 0
13 0 -338 0
13 0 -338 0
13 0 -338 0
13 0 -338 0
13 0 -338 0
13 0 -338 0
13 0 -338 0
13 0 -338 0
13 0 -338 0
13 0 -338 0
13 0 -338 0
13 0 -338 0
13 0 -338 0
13 0 -338 0
13 0 -338 0
13 0 -338 0
13 0 -338 0
13 0 -338 0
13 0 -338 0
13 0 -338 0
13 0 -338 0
13 0 -338 0
13 0 -338 0
13 0 -338 0
13 0 -338 0
13 0 -338 0
13 0 -338 0
13 0 -338 0
13 0 -338 0
13 0 -338 0
13 0 -338 0
13 0 -338 0
13 0 -338 0
13 0 -338 0
13 0 -338 0
13 0 -338 0
13 0 -338 0
13 0 -338 0
13 0 -338 0
13 0 -338 0
13 0 -338 0
13 0 -338 0
13 0 -338 0
13 0 -338 0
13 0 -338 0
13 0 -338 0
13 0 -338 0
13 0 -338 0
13 0 -338 0
13 0 -338 0
13 0 -338 0
13 0 -338 0
13 0 -338 0
13 0 -338 0
13 0 -338 0
13 0 -338 0
13 0 -338 0
13 0 -338 0
13 0 -338 0
13 0 -338 0
13 0 -338 0
13 0 -338 0
13 0 -338 0
13 0 -338 0
13 0 -338 0
13 0 -338 0
13 0 -338 0
13 0 -338 0
13 0 -338 0
13 0 -338 0
13 0 -338 0
13 0 -338 0
13 0 -338 0
13 0 -338 0
13 0 -338 0
13 0 -338 0
13 0 -338 0
13 0 -338 0
13 0 -338 0
13 0 -338 0
13 0 -338 0
13 0 -338 0
13 0 -338 0
12 0 -338 0
12 0 -338 0
12 0 -338 0
12 0 -338 0
12 0 -338 0
12 0 -338 0
12 0 -338 0
12 0 -338 0
12 0 -338 0
12 0 -338 0
12 0 -338 0
12 0 -337 0
12 0 -337 0
12 0 -337 0
12 0 -337 0
12 0 -337 0
12 0 -337 0
12 0 -337 0
12 0 -337 0
12 0 -337 0
12 0 -337 0
12 0 -337 0
12 0 -337 0
12 0 -337 0
12 0 -337 0
12 0 -337 0
12 0 -337 0
12 0 -337 0
12 0 -337 0
12 0 -337 0
12 0 -337 0
12 0 -337 0
12 0 -337 0
12 0 -337 0
12 0 -337 0
12 0 -337 0
12 0 -337 0
12 0 -337 0
12 0 -337 0
12 0 -337 0
12 0 -337 0
12 0 -337 0
12 0 -337 0
12 0 -337 0
12 0 -337 0
12 0 -337 0
12 0 -337 0
12 0 -337 0
13 0 -338 0
13 0 -338 0
13 0 -338 0
13 0 -338 0
13 0 -338 0
13 0 -338 0
13 0 -338 0
13 0 -338 0
13 0 -338 0
13 0 -338 0
13 0 -338 0
13 0 -338 0
13 0 -338 0
13 0 -338 0
13 0 -338 0
13 0 -338 0
13 0 -338 0
13 0 -338 0
13 0 -338 0
13 0 -338 0
13 0 -338 0
13 0 -338 0
13 0 -338 0
13 0 -338 0
13 0 -338 0
13 0 -338 0
13 0 -338 0
13 0 -338 0
13 0 -338 0
13 0 -338 0
13 0 -338 0
13 0 -338 0
13 0 -338 0
13 0 -338 0
13 0 -338 0
13 0 -338 0
13 0 -338 0
13 0 -338 0
13 0 -338 0
13 0 -338 0
13 0 -338 0
13 0 -338 0
13 0 -338 0
13 0 -338 0
13 0 -338 0
13 0 -338 0
13 0 -338 0
13 0 -338 0
13 0 -338 0
13 0 -338 0
13 0 -338 0
13 0 -338 0
13 0 -338 0
13 0 -338 0
13 0 -338 0
13 0 -338 0
13 0 -338 0
13 0 -338 0
13 0 -338 0
13 0 -338 0
13 0 -338 0
13 0 -338 0
13 0 -338 0
13 0 -338 0
13 0 -338 0
13 0 -338 0
13 0 -338 0
13 0 -338 0
13 0 -338 0
13 0 -338 0
13 0 -338 0
13 0 -338 0
13 0 -338 0
13 0 -338 0
13 0 -338 0
13 0 -338 0
13 0 -338 0
13 0 -338 0
13 0 -338 0
13 0 -338 0
13 0 -338 0
13 0 -338 0
13 0 -338 0
13 0 -338 0
13 0 -338 0
13 0 -338 0
13 0 -338 0
13 0 -338 0
13 0 -338 0
13 0 -338 0
13 0 -338 0
13 0 -338 0
13 0 -338 0
13 0 -338 0
13 0 -338 0
13 0 -338 0
13 0 -338 0
13 0 -338 0
13 0 -338 0
13 0 -338 0
13 0 -338 0
12 0 -338 0
12 0 -337 0
12 0 -337 0
12 0 -337 0
12 0 -337 0
12 0 -337 0
12 0 -337 0
12 0 -337 0
12 0 -337 0
12 0 -337 0
12 0 -337 0
12 0 -337 0
12 0 -337 0
12 0 -337 0
12 0 -337 0
12 0 -337 0
12 0 -337 0
12 0 -336 0
11 0 -336 0
11 0 -336 0
11 0 -336 0
11 0 -336 0
11 0 -336 0
11 0 -336 0
11 0 -336 0
11 0 -336 0
11 0 -336 0
11 0 -336 0
11 0 -336 0
11 0 -336 0
11 0 -336 0
11 0 -336 0
11 0 -336 0
11 0 -336 0
11 0 -336 0
11 0 -336 0
11 0 -336 0
11 0 -336 0
11 0 -336 0
11 0 -336 0
11 0 -336 0
11 0 -336 0
11 0 -336 0
11 0 -336 0
11 0 -336 0
11 0 -336 0
11 0 -336 0
11 0 -336 0
11 0 -336 0
11 0 -336 0
11 0 -336 0
11 0 -336 0
11 0 -336 0
11 0 -336 0
11 0 -336 0
11 0 -336 0
11 0 -336 0
11 0 -336 0
11 0 -336 0
11 0 -336 0
11 0 -336 0
11 0 -336 0
11 0 -336 0
11 0 -336 0
11 0 -336 0
11 0 -336 0
11 0 -336 0
11 0 -336 0
11 0 -336 0
11 0 -336 0
11 0 -336 0
11 0 -336 0
11 0 -336 0
11 0 -336 0
11 0 -336 0
11 0 -336 0
11 0 -336 0
11 0 -336 0
11 0 -336 0
11 0 -336 0
11 0 -336 0
11 0 -336 0
11 0 -336 0
11 0 -336 0
11 0 -336 0
11 0 -336 0
11 0 -336 0
11 0 -336 0
11 0 -336 0
11 0 -336 0
11 0 -336 0
11 0 -336 0
11 0 -336 0
11 0 -336 0
11 0 -336 0
11 0 -336 0
11 0 -336 0
11 0 -336 0
11 0 -336 0
11 0 -335 0
10 0 -335 0
9 0 -334 0
9 0 -333 0
8 0 -332 0
7 0 -332 0
7 0 -331 0
6 0 -330 0
6 0 -329 0
5 0 -329 0
5 0 -328 0
4 0 -327 0
3 0 -327 0
2 0 -327 0
2 0 -327 0
1 0 -327 0
1 0 -328 0
0 0 -329 0
0 0 -331 0
-1 0 -332 0
-1 0 -334 0
-1 0 -335 0
-1 0 -336 0
-1 0 -337 0
-1 0 -338 0
-1 0 -339 0
-1 0 -340 0
-1 0 -340 0
-2 0 -340 0
-2 0 -341 0
-2 0 -341 0
-2 0 -341 0
-3 0 -341 0
-3 0 -341 0
-3 0 -341 0
-3 0 -341 0
-2 0 -341 0
-2 0 -341 0
-2 0 -341 0
-2 0 -341 0
-2 0 -341 0
-1 0 -341 0
-1 0 -341 0
-1 0 -341 0
-1 0 -341 0
-1 0 -341 0
-1 0 -341 0
-1 0 -341 0
-1 0 -341 0
-1 0 -341 0
-1 0 -341 0
0 0 -341 0
1 0 -342 0
2 0 -343 0
3 0 -345 0
5 0 -346 0
6 0 -348 0
8 0 -350 0
9 0 -351 0
11 0 -353 0
12 0 -355 0
13 0 -356 0
14 0 -357 0
14 0 -357 0
14 0 -357 0
14 0 -357 0
14 0 -357 0
14 0 -357 0
14 0 -357 0
14 0 -357 0
13 0 -357 0
13 0 -356 0
12 0 -356 0
12 0 -356 0
12 0 -356 0
12 0 -355 0
12 0 -355 0
12 0 -355 0
12 0 -355 0
12 0 -355 0
12 0 -355 0
12 0 -355 0
12 0 -355 0
12 0 -355 0
12 0 -355 0
12 0 -355 0
12 0 -355 0
12 0 -355 0
11 0 -355 0
11 0 -355 0
11 0 -355 0
11 0 -355 0
11 0 -355 0
11 0 -355 0
11 0 -355 0
11 0 -355 0
11 0 -355 0
11 0 -355 0
11 0 -355 0
11 0 -355 0
11 0 -355 0
11 0 -355 0
11 0 -355 0
11 0 -355 0
11 0 -355 0
11 0 -355 0
10 0 -354 0
10 0 -354 0
10 0 -354 0
10 0 -354 0
10 0 -354 0
10 0 -353 0
9 0 -353 0
9 0 -353 0
9 0 -353 0
9 0 -353 0
9 0 -353 0
9 0 -353 0
9 0 -353 0
9 0 -353 0
9 0 -353 0
9 0 -353 0
9 0 -353 0
9 0 -353 0
9 0 -353 0
9 0 -353 0
9 0 -353 0
9 0 -353 0
9 0 -353 0
9 0 -353 0
9 0 -353 0
9 0 -353 0
9 0 -353 0
9 0 -353 0
9 0 -353 0
9 0 -353 0
9 0 -353 0
9 0 -353 0
9 0 -353 0
9 0 -353 0
9 0 -353 0
9 0 -353 0
9 0 -353 0
8 0 -352 0
8 0 -352 0
8 0 -352 0
8 0 -352 0
8 0 -352 0
8 0 -352 0
8 0 -352 0
8 0 -352 0
8 0 -352 0
8 0 -352 0
8 0 -352 0
8 0 -352 0
8 0 -352 0
8 0 -352 0
8 0 -352 0
8 0 -352 0
8 0 -352 0
8 0 -352 0
7 0 -351 0
7 0 -351 0
7 0 -351 0
7 0 -350 0
6 0 -350 0
6 0 -349 0
5 0 -349 0
5 0 -349 0
5 0 -348 0
5 0 -348 0
5 0 -348 0
5 0 -348 0
5 0 -348 0
5 0 -348 0
5 0 -348 0
5 0 -348 0
5 0 -348 0
5 0 -348 0
5 0 -348 0
5 0 -348 0
5 0 -348 0
5 0 -348 0
5 0 -348 0
5 0 -348 0
5 0 -348 0
5 0 -348 0
5 0 -348 0
5 0 -348 0
5 0 -348 0
5 0 -348 0
5 0 -348 0
5 0 -348 0
5 0 -348 0
5 0 -348 0
5 0 -348 0
5 0 -348 0
5 0 -348 0
5 0 -348 0
5 0 -348 0
5 0 -348 0
5 0 -348 0
5 0 -348 0
5 0 -348 0
5 0 -348 0
5 0 -348 0
5 0 -348 0
5 0 -348 0
5 0 -348 0
5 0 -348 0
5 0 -348 0
5 0 -348 0
5 0 -348 0
5 0 -348 0
5 0 -348 0
5 0 -348 0
5 0 -348 0
5 0 -348 0
5 0 -348 0
5 0 -348 0
5 0 -348 0
5 0 -348 0
5 0 -348 0
5 0 -348 0
5 0 -348 0
5 0 -348 0
5 0 -348 0
5 0 -348 0
5 0 -348 0
5 0 -348 0
5 0 -348 0
5 0 -348 0
5 0 -348 0
5 0 -348 0
5 0 -348 0
5 0 -348 0
5 0 -348 0
4 0 -348 0
4 0 -347 0
4 0 -347 0
4 0 -347 0
4 0 -346 0
4 0 -346 0
4 0 -346 0
4 0 -346 0
4 0 -346 0
4 0 -346 0
4 0 -346 0
4 0 -346 0
3 0 -346 0
3 0 -346 0
3 0 -346 0
3 0 -346 0
3 0 -346 0
3 0 -346 0
3 0 -346 0
3 0 -346 0
3 0 -346 0
3 0 -346 0
3 0 -346 0
3 0 -346 0
3 0 -346 0
3 0 -346 0
3 0 -346 0
3 0 -346 0
3 0 -346 0
3 0 -346 0
3 0 -346 0
3 0 -346 0
3 0 -346 0
3 0 -346 0
3 0 -346 0
3 0 -346 0
3 0 -346 0
3 0 -346 0
3 0 -346 0
3 0 -346 0
3 0 -346 0
3 0 -346 0
3 0 -346 0
3 0 -346 0
3 0 -346 0
3 0 -346 0
3 0 -346 0
3 0 -346 0
3 0 -346 0
3 0 -346 0
3 0 -346 0
3 0 -346 0
3 0 -346 0
3 0 -346 0
3 0 -346 0
3 0 -346 0
3 0 -346 0
3 0 -346 0
3 0 -346 0
3 0 -346 0
3 0 -346 0
3 0 -346 0
3 0 -346 0
3 0 -346 0
3 0 -346 0
3 0 -346 0
3 0 -346 0
3 0 -346 0
3 0 -346 0
3 0 -346 0
3 0 -346 0
3 0 -346 0
3 0 -346 0
3 0 -346 0
3 0 -346 0
3 0 -346 0
3 0 -346 0
3 0 -346 0
3 0 -346 0
3 0 -346 0
3 0 -346 0
3 0 -346 0
3 0 -346 0
3 0 -346 0
3 0 -346 0
3 0 -346 0
3 0 -346 0
3 0 -346 0
3 0 -346 0
3 0 -346 0
3 0 -346 0
3 0 -346 0
3 0 -346 0
3 0 -346 0
3 0 -346 0
3 0 -345 0
3 0 -345 0
3 0 -345 0
3 0 -345 0
3 0 -345 0
3 0 -345 0
2 0 -345 0
2 0 -345 0
2 0 -345 0
1 0 -345 0
1 0 -345 0
1 0 -345 0
1 0 -345 0
0 0 -345 0
0 0 -345 0
0 0 -345 0
0 0 -345 0
0 0 -345 0
-1 0 -345 0
-1 0 -345 0
-1 0 -345 0
-1 0 -345 0
-1 0 -345 0
-1 0 -345 0
-1 0 -345 0
-1 0 -345 0
0 0 -345 0
0 0 -345 0
1 0 -345 0
1 0 -345 0
1 0 -345 0
2 0 -345 0
2 0 -345 0
2 0 -345 0
2 0 -345 0
2 0 -345 0
2 0 -345 0
2 0 -345 0
2 0 -345 0
2 0 -345 0
2 0 -345 0
2 0 -345 0
2 0 -345 0
2 0 -345 0
2 0 -345 0
2 0 -345 0
2 0 -345 0
2 0 -345 0
2 0 -345 0
2 0 -345 0
2 0 -345 0
2 0 -345 0
2 0 -345 0
2 0 -345 0
2 0 -345 0
2 0 -345 0
2 0 -345 0
2 0 -345 0
2 0 -345 0
2 0 -345 0
2 0 -345 0
2 0 -345 0
2 0 -345 0
2 0 -345 0
2 0 -345 0
2 0 -345 0
2 0 -345 0
2 0 -345 0
2 0 -345 0
2 0 -345 0
2 0 -345 0
2 0 -345 0
2 0 -345 0
2 0 -345 0
2 0 -345 0
2 0 -345 0
2 0 -345 0
3 0 -345 0
3 0 -344 0
3 0 -344 0
3 0 -344 0
4 0 -344 0
4 0 -344 0
4 0 -344 0
4 0 -344 0
4 0 -344 0
4 0 -344 0
4 0 -344 0
4 0 -344 0
4 0 -344 0
4 0 -344 0
4 0 -344 0
4 0 -343 0
4 0 -343 0
4 0 -343 0
4 0 -343 0
4 0 -343 0
4 0 -343 0
4 0 -343 0
4 0 -343 0
4 0 -343 0
4 0 -343 0
4 0 -343 0
5 0 -343 0
5 0 -343 0
5 0 -343 0
6 0 -343 0
6 0 -343 0
7 0 -343 0
7 0 -343 0
7 0 -343 0
7 0 -342 0
7 0 -342 0
8 0 -342 0
8 0 -341 0
8 0 -341 0
8 0 -341 0
8 0 -341 0
8 0 -341 0
8 0 -340 0
7 0 -340 0
7 0 -340 0
7 0 -340 0
6 0 -340 0
6 0 -340 0
6 0 -340 0
6 0 -340 0
6 0 -340 0
6 0 -340 0
6 0 -340 0
6 0 -340 0
6 0 -340 0
6 0 -340 0
6 0 -340 0
6 0 -340 0
6 0 -340 0
6 0 -340 0
6 0 -340 0
6 0 -340 0
7 0 -340 0
7 0 -340 0
7 0 -340 0
7 0 -340 0
7 0 -340 0
7 0 -340 0
7 0 -340 0
7 0 -340 0
7 0 -340 0
7 0 -340 0
7 0 -340 0
7 0 -340 0
7 0 -340 0
7 0 -340 0
7 0 -340 0
7 0 -340 0
7 0 -340 0
7 0 -340 0
7 0 -340 0
7 0 -340 0
7 0 -340 0
7 0 -340 0
7 0 -340 0
7 0 -340 0
7 0 -340 0
7 0 -340 0
7 0 -340 0
7 0 -340 0
7 0 -340 0
7 0 -340 0
7 0 -340 0
7 0 -340 0
7 0 -340 0
7 0 -340 0
7 0 -340 0
7 0 -340 0
7 0 -340 0
7 0 -340 0
7 0 -340 0
7 0 -340 0
7 0 -340 0
7 0 -340 0
7 0 -340 0
7 0 -340 0
7 0 -340 0
7 0 -340 0
7 0 -340 0
7 0 -340 0
7 0 -340 0
7 0 -340 0
7 0 -340 0
7 0 -340 0
7 0 -340 0
7 0 -340 0
7 0 -340 0
7 0 -340 0
7 0 -340 0
7 0 -340 0
7 0 -340 0
7 0 -340 0
7 0 -340 0
7 0 -340 0
7 0 -340 0
7 0 -340 0
7 0 -340 0
7 0 -340 0
7 0 -340 0
7 0 -340 0
7 0 -340 0
7 0 -340 0
7 0 -340 0
7 0 -340 0
7 0 -340 0
7 0 -340 0
7 0 -340 0
7 0 -340 0
7 0 -340 0
7 0 -340 0
7 0 -340 0
7 0 -340 0
7 0 -340 0
7 0 -340 0
7 0 -340 0
7 0 -340 0
7 0 -340 0
7 0 -340 0
7 0 -340 0
7 0 -340 0
7 0 -340 0
7 0 -340 0
7 0 -340 0
7 0 -340 0
7 0 -340 0
7 0 -340 0
6 0 -340 0
6 0 -340 0
6 0 -340 0
6 0 -340 0
6 0 -340 0
6 0 -340 0
6 0 -340 0
6 0 -340 0
6 0 -340 0
6 0 -340 0
6 0 -340 0
6 0 -340 0
6 0 -340 0
6 0 -340 0
6 0 -340 0
6 0 -340 0
6 0 -340 0
6 0 -340 0
6 0 -340 0
6 0 -340 0
6 0 -340 0
6 0 -340 0
6 0 -340 0
6 0 -340 0
6 0 -340 0
6 0 -340 0
6 0 -340 0
6 0 -340 0
6 0 -340 0
6 0 -340 0
6 0 -340 0
5 0 -340 0
5 0 -340 0
5 0 -340 0
5 0 -340 0
5 0 -340 0
5 0 -340 0
5 0 -340 0
5 0 -340 0
5 0 -340 0
5 0 -340 0
5 0 -340 0
5 0 -340 0
5 0 -340 0
5 0 -340 0
5 0 -340 0
5 0 -340 0
5 0 -340 0
5 0 -340 0
5 0 -340 0
5 0 -340 0
5 0 -340 0
5 0 -340 0
5 0 -340 0
5 0 -340 0
5 0 -340 0
5 0 -340 0
5 0 -340 0
5 0 -340 0
5 0 -340 0
5 0 -340 0
5 0 -340 0
5 0 -340 0
5 0 -340 0
5 0 -340 0
5 0 -340 0
5 0 -340 0
5 0 -340 0
5 0 -340 0
5 0 -340 0
5 0 -340 0
5 0 -340 0
5 0 -340 0
5 0 -340 0
5 0 -340 0
5 0 -340 0
5 0 -340 0
5 0 -340 0
5 0 -340 0
5 0 -340 0
5 0 -340 0
5 0 -340 0
5 0 -340 0
5 0 -340 0
5 0 -340 0
5 0 -340 0
5 0 -340 0
5 0 -340 0
5 0 -340 0
5 0 -340 0
5 0 -340 0
5 0 -340 0
5 0 -340 0
5 0 -340 0
5 0 -340 0
5 0 -340 0
5 0 -340 0
5 0 -340 0
5 0 -340 0
5 0 -340 0
5 0 -340 0
5 0 -340 0
5 0 -340 0
5 0 -340 0
5 0 -340 0
5 0 -340 0
5 0 -340 0
5 0 -340 0
5 0 -340 0
5 0 -340 0
5 0 -340 0
5 0 -340 0
5 0 -340 0
5 0 -340 0
5 0 -340 0
5 0 -340 0
5 0 -340 0
5 0 -340 0
5 0 -340 0
5 0 -340 0
5 0 -340 0
5 0 -340 0
5 0 -340 0
5 0 -340 0
5 0 -340 0
5 0 -340 0
5 0 -340 0
5 0 -340 0
5 0 -340 0
5 0 -340 0
5 0 -340 0
5 0 -340 0
5 0 -340 0
6 0 -340 0
6 0 -340 0
6 0 -340 0
6 0 -340 0
6 0 -340 0
6 0 -340 0
6 0 -340 0
6 0 -340 0
6 0 -340 0
6 0 -340 0
6 0 -340 0
6 0 -340 0
6 0 -340 0
6 0 -340 0
6 0 -340 0
6 0 -340 0
6 0 -340 0
6 0 -340 0
6 0 -340 0
6 0 -340 0
6 0 -340 0
6 0 -340 0
6 0 -340 0
6 0 -340 0
6 0 -340 0
6 0 -340 0
6 0 -340 0
6 0 -340 0
6 0 -340 0
6 0 -340 0
6 0 -340 0
6 0 -340 0
6 0 -340 0
6 0 -340 0
6 0 -340 0
6 0 -340 0
6 0 -340 0
6 0 -340 0
6 0 -340 0
6 0 -340 0
6 0 -340 0
6 0 -340 0
6 0 -340 0
6 0 -340 0
6 0 -340 0
6 0 -340 0
6 0 -340 0
6 0 -340 0
6 0 -340 0
6 0 -340 0
6 0 -340 0
6 0 -340 0
6 0 -340 0
6 0 -340 0
6 0 -340 0
6 0 -340 0
6 0 -340 0
6 0 -340 0
6 0 -340 0
6 0 -340 0
6 0 -340 0
6 0 -340 0
6 0 -340 0
6 0 -340 0
6 0 -340 0
6 0 -340 0
6 0 -340 0
6 0 -340 0
6 0 -340 0
6 0 -340 0
6 0 -340 0
6 0 -340 0
6 0 -340 0
6 0 -340 0
6 0 -340 0
6 0 -340 0
6 0 -340 0
6 0 -340 0
6 0 -340 0
6 0 -340 0
6 0 -340 0
6 0 -340 0
6 0 -340 0
6 0 -340 0
6 0 -340 0
6 0 -340 0
6 0 -340 0
6 0 -340 0
6 0 -340 0
6 0 -340 0
6 0 -340 0
6 0 -340 0
6 0 -340 0
6 0 -340 0
6 0 -340 0
6 0 -340 0
6 0 -340 0
6 0 -340 0
6 0 -340 0
6 0 -340 0
6 0 -340 0
6 0 -340 0
6 0 -340 0
6 0 -340 0
6 0 -340 0
6 0 -340 0
6 0 -340 0
6 0 -340 0
6 0 -340 0
6 0 -340 0
6 0 -340 0
6 0 -340 0
6 0 -340 0
6 0 -340 0
6 0 -340 0
6 0 -340 0
6 0 -340 0
6 0 -340 0
6 0 -340 0
6 0 -340 0
6 0 -340 0
6 0 -340 0
6 0 -340 0
6 0 -340 0
6 0 -340 0
6 0 -340 0
6 0 -340 0
6 0 -340 0
6 0 -340 0
6 0 -340 0
6 0 -340 0
6 0 -340 0
6 0 -340 0
6 0 -340 0
6 0 -340 0
6 0 -340 0
6 0 -340 0
6 0 -340 0
6 0 -340 0
6 0 -340 0
6 0 -340 0
6 0 -340 0
6 0 -340 0
6 0 -340 0
6 0 -340 0
6 0 -340 0
6 0 -340 0
6 0 -340 0
6 0 -340 0
6 0 -340 0
6 0 -340 0
6 0 -340 0
6 0 -340 0
6 0 -340 0
6 0 -340 0
6 0 -340 0
6 0 -340 0
6 0 -340 0
6 0 -340 0
6 0 -340 0
6 0 -340 0
6 0 -340 0
6 0 -340 0
6 0 -340 0
6 0 -340 0
6 0 -340 0
6 0 -340 0
6 0 -340 0
6 0 -340 0
6 0 -340 0
6 0 -340 0
6 0 -340 0
6 0 -340 0
6 0 -340 0
6 0 -340 0
6 0 -340 0
6 0 -340 0
6 0 -340 0
6 0 -340 0
6 0 -340 0
6 0 -340 0
6 0 -340 0
6 0 -340 0
6 0 -340 0
6 0 -340 0
6 0 -340 0
6 0 -340 0
6 0 -340 0
6 0 -340 0
6 0 -340 0
6 0 -340 0
6 0 -340 0
6 0 -340 0
6 0 -340 0
6 0 -340 0
6 0 -340 0
6 0 -340 0
6 0 -340 0
6 0 -340 0
6 0 -340 0
6 0 -340 0
6 0 -340 0
6 0 -340 0
6 0 -340 0
6 0 -340 0
6 0 -340 0
6 0 -340 0
6 0 -340 0
6 0 -340 0
6 0 -340 0
6 0 -340 0
6 0 -340 0
6 0 -340 0
6 0 -340 0
6 0 -340 0
6 0 -340 0
6 0 -340 0
6 0 -340 0
6 0 -340 0
6 0 -340 0
6 0 -340 0
6 0 -340 0
6 0 -340 0
6 0 -340 0
6 0 -340 0
6 0 -340 0
6 0 -340 0
6 0 -340 0
6 0 -340 0
6 0 -340 0
6 0 -340 0
6 0 -340 0
6 0 -340 0
5 0 -340 0
5 0 -340 0
5 0 -340 0
5 0 -340 0
5 0 -340 0
5 0 -340 0
5 0 -340 0
5 0 -340 0
5 0 -340 0
5 0 -340 0
5 0 -340 0
5 0 -340 0
5 0 -340 0
5 0 -340 0
5 0 -340 0
5 0 -340 0
5 0 -340 0
5 0 -340 0
5 0 -340 0
5 0 -340 0
5 0 -340 0
5 0 -340 0
5 0 -340 0
5 0 -340 0
5 0 -340 0
5 0 -340 0
5 0 -340 0
5 0 -340 0
5 0 -340 0
5 0 -340 0
5 0 -340 0
5 0 -340 0
5 0 -340 0
5 0 -340 0
5 0 -340 0
5 0 -340 0
5 0 -340 0
5 0 -340 0
5 0 -340 0
5 0 -340 0
5 0 -340 0
5 0 -340 0
5 0 -340 0
5 0 -340 0
5 0 -340 0
5 0 -340 0
5 0 -340 0
5 0 -340 0
5 0 -340 0
5 0 -340 0
5 0 -340 0
5 0 -340 0
5 0 -340 0
5 0 -340 0
5 0 -340 0
5 0 -340 0
5 0 -340 0
5 0 -340 0
5 0 -340 0
5 0 -340 0
5 0 -340 0
5 0 -340 0
5 0 -340 0
5 0 -340 0
5 0 -340 0
5 0 -340 0
5 0 -340 0
5 0 -340 0
5 0 -340 0
5 0 -340 0
5 0 -340 0
5 0 -340 0
5 0 -340 0
5 0 -340 0
5 0 -340 0
5 0 -340 0
5 0 -340 0
5 0 -340 0
5 0 -340 0
5 0 -340 0
5 0 -340 0
5 0 -340 0
5 0 -340 0
5 0 -340 0
5 0 -340 0
5 0 -340 0
5 0 -340 0
5 0 -340 0
5 0 -340 0
5 0 -340 0
5 0 -340 0
5 0 -340 0
5 0 -340 0
5 0 -340 0
5 0 -340 0
5 0 -340 0
5 0 -340 0
5 0 -340 0
5 0 -340 0
5 0 -340 0
5 0 -340 0
5 0 -340 0
5 0 -340 0
5 0 -340 0
5 0 -340 0
5 0 -340 0
5 0 -340 0
5 0 -340 0
5 0 -340 0
5 0 -340 0
5 0 -340 0
5 0 -340 0
5 0 -340 0
5 0 -340 0
5 0 -340 0
5 0 -340 0
5 0 -340 0
5 0 -340 0
5 0 -340 0
5 0 -340 0
5 0 -340 0
5 0 -340 0
5 0 -340 0
5 0 -340 0
5 0 -340 0
5 0 -340 0
5 0 -340 0
5 0 -340 0
5 0 -340 0
5 0 -340 0
5 0 -340 0
5 0 -340 0
5 0 -340 0
5 0 -340 0
5 0 -340 0
5 0 -340 0
5 0 -340 0
5 0 -340 0
5 0 -340 0
5 0 -340 0
5 0 -340 0
5 0 -340 0
5 0 -340 0
5 0 -340 0
5 0 -340 0
5 0 -340 0
5 0 -340 0
5 0 -340 0
5 0 -340 0
5 0 -340 0
5 0 -340 0
5 0 -340 0
5 0 -340 0
5 0 -340 0
5 0 -340 0
5 0 -340 0
5 0 -340 0
5 0 -340 0
5 0 -340 0
5 0 -340 0
5 0 -340 0
5 0 -340 0
5 0 -340 0
5 0 -340 0
5 0 -340 0
5 0 -340 0
5 0 -340 0
5 0 -340 0
5 0 -340 0
4 0 -340 0
4 0 -340 0
4 0 -340 0
4 0 -341 0
5 0 -343 0
6 0 -345 0
8 0 -346 0
10 0 -349 0
12 0 -351 0
14 0 -353 0
17 0 -356 0
18 0 -358 0
20 0 -360 0
21 0 -362 0
23 0 -362 0
23 0 -363 0
23 0 -363 0
23 0 -363 0
23 0 -363 0
23 0 -363 0
23 0 -363 0
22 0 -363 0
22 0 -362 0
21 0 -362 0
21 0 -362 0
21 0 -362 0
21 0 -362 0
21 0 -362 0
21 0 -362 0
21 0 -362 0
21 0 -362 0
21 0 -362 0
21 0 -362 0
21 0 -362 0
21 0 -362 0
21 0 -362 0
21 0 -362 0
21 0 -362 0
21 0 -362 0
21 0 -362 0
21 0 -362 0
21 0 -362 0
21 0 -362 0
21 0 -362 0
21 0 -361 0
20 0 -361 0
20 0 -361 0
20 0 -361 0
20 0 -360 0
20 0 -360 0
20 0 -360 0
20 0 -360 0
20 0 -360 0
20 0 -360 0
20 0 -360 0
20 0 -360 0
20 0 -360 0
20 0 -360 0
20 0 -360 0
20 0 -360 0
20 0 -360 0
21 0 -361 0
21 0 -362 0
22 0 -363 0
23 0 -364 0
24 0 -365 0
25 0 -366 0
26 0 -366 0
26 0 -367 0
27 0 -368 0
27 0 -368 0
27 0 -368 0
27 0 -368 0
27 0 -368 0
27 0 -368 0
27 0 -368 0
27 0 -368 0
26 0 -367 0
25 0 -366 0
25 0 -366 0
24 0 -365 0
24 0 -365 0
24 0 -365 0
24 0 -365 0
24 0 -365 0
24 0 -365 0
24 0 -365 0
25 0 -365 0
25 0 -365 0
26 0 -365 0
26 0 -365 0
26 0 -366 0
26 0 -366 0
26 0 -366 0
26 0 -366 0
26 0 -366 0
26 0 -366 0
26 0 -366 0
26 0 -367 0
27 0 -368 0
27 0 -369 0
28 0 -369 0
28 0 -370 0
29 0 -372 0
30 0 -373 0
31 0 -375 0
33 0 -376 0
34 0 -377 0
35 0 -378 0
36 0 -380 0
37 0 -381 0
38 0 -382 0
39 0 -384 0
41 0 -385 0
42 0 -386 0
44 0 -387 0
45 0 -388 0
45 0 -389 0
46 0 -390 0
46 0 -390 0
47 0 -390 0
47 0 -390 0
47 0 -390 0
47 0 -390 0
47 0 -390 0
47 0 -390 0
47 0 -390 0
47 0 -390 0
47 0 -390 0
47 0 -390 0
47 0 -391 0
47 0 -391 0
47 0 -391 0
47 0 -391 0
47 0 -391 0
47 0 -391 0
46 0 -391 0
46 0 -391 0
46 0 -391 0
45 0 -391 0
45 0 -391 0
45 0 -391 0
45 0 -391 0
45 0 -391 0
45 0 -391 0
45 0 -391 0
45 0 -391 0
45 0 -391 0
44 0 -391 0
44 0 -391 0
44 0 -390 0
44 0 -390 0
44 0 -390 0
44 0 -390 0
44 0 -390 0
44 0 -390 0
44 0 -390 0
44 0 -390 0
45 0 -390 0
46 0 -391 0
46 0 -392 0
46 0 -392 0
46 0 -392 0
46 0 -392 0
46 0 -392 0
46 0 -392 0
47 0 -393 0
47 0 -393 0
47 0 -393 0
47 0 -393 0
47 0 -393 0
47 0 -393 0
47 0 -393 0
47 0 -393 0
47 0 -393 0
47 0 -393 0
47 0 -393 0
47 0 -393 0
48 0 -393 0
48 0 -394 0
48 0 -394 0
49 0 -395 0
49 0 -395 0
50 0 -396 0
55 0 -400 0
56 0 -401 0
56 0 -401 0
57 0 -402 0
58 0 -403 0
59 0 -404 0
59 0 -404 0
59 0 -405 0
60 0 -405 0
60 0 -405 0
61 0 -406 0
61 0 -406 0
61 0 -406 0
61 0 -406 0
61 0 -406 0
61 0 -406 0
61 0 -406 0
61 0 -406 0
61 0 -406 0
61 0 -406 0
61 0 -407 0
62 0 -407 0
63 0 -408 0
63 0 -409 0
64 0 -409 0
64 0 -409 0
65 0 -410 0
65 0 -410 0
66 0 -411 0
66 0 -411 0
67 0 -411 0
67 0 -412 0
67 0 -412 0
67 0 -412 0
67 0 -412 0
67 0 -412 0
67 0 -412 0
67 0 -412 0
67 0 -412 0
67 0 -412 0
67 0 -412 0
67 0 -412 0
67 0 -412 0
67 0 -412 0
67 0 -412 0
67 0 -412 0
67 0 -412 0
67 0 -412 0
67 0 -412 0
67 0 -412 0
67 0 -412 0
67 0 -412 0
67 0 -412 0
67 0 -412 0
67 0 -412 0
67 0 -412 0
67 0 -412 0
67 0 -412 0
67 0 -412 0
67 0 -412 0
67 0 -412 0
67 0 -412 0
67 0 -412 0
67 0 -412 0
67 0 -412 0
67 0 -412 0
67 0 -412 0
67 0 -412 0
67 0 -412 0
67 0 -412 0
67 0 -412 0
67 0 -412 0
67 0 -412 0
67 0 -412 0
67 0 -412 0
67 0 -412 0
67 0 -412 0
67 0 -412 0
67 0 -412 0
67 0 -412 0
67 0 -412 0
66 0 -412 0
66 0 -412 0
66 0 -412 0
66 0 -412 0
66 0 -412 0
66 0 -412 0
66 0 -412 0
66 0 -412 0
65 0 -412 0
65 0 -412 0
65 0 -412 0
65 0 -412 0
65 0 -412 0
65 0 -412 0
65 0 -412 0
65 0 -412 0
65 0 -412 0
65 0 -412 0
65 0 -412 0
65 0 -412 0
65 0 -412 0
65 0 -412 0
65 0 -412 0
65 0 -412 0
65 0 -412 0
65 0 -412 0
65 0 -412 0
65 0 -412 0
65 0 -412 0
65 0 -412 0
65 0 -412 0
65 0 -412 0
65 0 -412 0
65 0 -412 0
65 0 -412 0
65 0 -412 0
65 0 -412 0
65 0 -412 0
65 0 -412 0
65 0 -412 0
65 0 -412 0
65 0 -412 0
65 0 -412 0
65 0 -412 0
65 0 -412 0
65 0 -412 0
65 0 -412 0
65 0 -412 0
65 0 -412 0
65 0 -411 0
65 0 -411 0
65 0 -411 0
65 0 -411 0
65 0 -411 0
65 0 -411 0
65 0 -411 0
65 0 -411 0
65 0 -411 0
65 0 -411 0
65 0 -411 0
65 0 -411 0
65 0 -411 0
65 0 -411 0
65 0 -411 0
65 0 -411 0
64 0 -411 0
64 0 -411 0
64 0 -411 0
64 0 -411 0
64 0 -410 0
64 0 -410 0
64 0 -410 0
64 0 -410 0
64 0 -410 0
63 0 -410 0
63 0 -410 0
63 0 -410 0
63 0 -410 0
63 0 -410 0
63 0 -410 0
63 0 -410 0
63 0 -409 0
63 0 -409 0
63 0 -409 0
63 0 -409 0
63 0 -409 0
63 0 -409 0
63 0 -409 0
63 0 -409 0
63 0 -409 0
63 0 -409 0
62 0 -409 0
62 0 -409 0
62 0 -408 0
62 0 -408 0
62 0 -408 0
62 0 -408 0
62 0 -408 0
62 0 -408 0
62 0 -408 0
62 0 -408 0
62 0 -408 0
62 0 -408 0
62 0 -408 0
62 0 -408 0
62 0 -408 0
62 0 -408 0
62 0 -408 0
62 0 -408 0
62 0 -408 0
62 0 -408 0
62 0 -408 0
62 0 -408 0
62 0 -408 0
62 0 -408 0
62 0 -408 0
62 0 -408 0
62 0 -408 0
62 0 -408 0
62 0 -408 0
62 0 -408 0
62 0 -408 0
62 0 -408 0
63 0 -408 0
63 0 -408 0
63 0 -408 0
63 0 -409 0
63 0 -409 0
63 0 -409 0
63 0 -409 0
63 0 -409 0
63 0 -409 0
63 0 -409 0
63 0 -409 0
63 0 -409 0
63 0 -409 0
63 0 -409 0
63 0 -409 0
63 0 -409 0
63 0 -409 0
63 0 -409 0
63 0 -409 0
63 0 -409 0
63 0 -409 0
63 0 -409 0
63 0 -409 0
63 0 -409 0
63 0 -409 0
63 0 -409 0
63 0 -409 0
63 0 -409 0
63 0 -409 0
63 0 -409 0
63 0 -409 0
63 0 -409 0
63 0 -409 0
63 0 -409 0
63 0 -409 0
63 0 -409 0
63 0 -409 0
63 0 -409 0
63 0 -409 0
63 0 -409 0
63 0 -409 0
63 0 -409 0
63 0 -409 0
63 0 -409 0
63 0 -409 0
64 0 -409 0
64 0 -409 0
64 0 -409 0
64 0 -409 0
64 0 -409 0
64 0 -409 0
64 0 -409 0
64 0 -409 0
64 0 -409 0
64 0 -409 0
64 0 -409 0
64 0 -409 0
64 0 -409 0
64 0 -409 0
64 0 -409 0
64 0 -409 0
64 0 -409 0
64 0 -409 0
64 0 -409 0
64 0 -409 0
64 0 -409 0
64 0 -409 0
64 0 -409 0
64 0 -409 0
64 0 -409 0
64 0 -409 0
64 0 -409 0
64 0 -409 0
64 0 -409 0
64 0 -409 0
64 0 -409 0
64 0 -409 0
64 0 -409 0
64 0 -409 0
64 0 -409 0
64 0 -409 0
64 0 -409 0
64 0 -409 0
64 0 -409 0
64 0 -409 0
64 0 -410 0
64 0 -410 0
65 0 -410 0
65 0 -410 0
65 0 -410 0
65 0 -410 0
65 0 -410 0
65 0 -410 0
65 0 -410 0
65 0 -410 0
65 0 -410 0
65 0 -410 0
65 0 -410 0
65 0 -410 0
65 0 -410 0
65 0 -410 0
65 0 -410 0
65 0 -410 0
65 0 -410 0
65 0 -410 0
65 0 -410 0
65 0 -410 0
65 0 -410 0
65 0 -410 0
65 0 -410 0
65 0 -410 0
65 0 -410 0
65 0 -410 0
65 0 -410 0
65 0 -410 0
65 0 -410 0
65 0 -410 0
65 0 -410 0
65 0 -410 0
65 0 -410 0
65 0 -410 0
65 0 -410 0
65 0 -410 0
65 0 -410 0
65 0 -410 0
65 0 -410 0
65 0 -410 0
65 0 -410 0
65 0 -410 0
65 0 -410 0
65 0 -410 0
65 0 -410 0
65 0 -410 0
65 0 -410 0
65 0 -410 0
65 0 -410 0
65 0 -410 0
65 0 -410 0
65 0 -410 0
65 0 -410 0
65 0 -410 0
65 0 -410 0
65 0 -410 0
65 0 -410 0
65 0 -410 0
65 0 -410 0
65 0 -410 0
65 0 -410 0
65 0 -410 0
65 0 -410 0
65 0 -410 0
65 0 -410 0
65 0 -410 0
65 0 -410 0
65 0 -410 0
65 0 -410 0
65 0 -410 0
65 0 -410 0
65 0 -410 0
65 0 -410 0
65 0 -410 0
65 0 -410 0
65 0 -410 0
65 0 -410 0
65 0 -410 0
65 0 -410 0
65 0 -410 0
65 0 -410 0
65 0 -410 0
65 0 -410 0
65 0 -410 0
65 0 -410 0
65 0 -410 0
65 0 -410 0
65 0 -410 0
65 0 -410 0
65 0 -410 0
65 0 -410 0
65 0 -410 0
65 0 -410 0
65 0 -410 0
65 0 -410 0
65 0 -410 0
65 0 -410 0
65 0 -410 0
65 0 -410 0
65 0 -410 0
65 0 -410 0
65 0 -410 0
65 0 -410 0
65 0 -410 0
65 0 -410 0
65 0 -410 0
65 0 -410 0
65 0 -410 0
65 0 -410 0
65 0 -410 0
65 0 -410 0
65 0 -410 0
65 0 -410 0
65 0 -410 0
65 0 -410 0
65 0 -410 0
65 0 -410 0
65 0 -410 0
65 0 -410 0
65 0 -410 0
65 0 -410 0
65 0 -410 0
65 0 -410 0
65 0 -410 0
65 0 -410 0
65 0 -410 0
65 0 -410 0
65 0 -410 0
65 0 -410 0
65 0 -410 0
65 0 -410 0
65 0 -409 0
65 0 -409 0
65 0 -409 0
65 0 -409 0
65 0 -409 0
65 0 -409 0
65 0 -409 0
64 0 -409 0
64 0 -409 0
64 0 -409 0
64 0 -409 0
64 0 -409 0
64 0 -409 0
64 0 -409 0
64 0 -409 0
64 0 -409 0
64 0 -409 0
64 0 -409 0
64 0 -409 0
64 0 -409 0
64 0 -408 0
63 0 -408 0
63 0 -408 0
63 0 -408 0
63 0 -408 0
63 0 -408 0
63 0 -408 0
63 0 -408 0
63 0 -408 0
63 0 -408 0
63 0 -408 0
63 0 -408 0
63 0 -408 0
63 0 -408 0
63 0 -408 0
63 0 -408 0
59 0 -403 0
58 0 -402 0
56 0 -401 0
54 0 -399 0
52 0 -397 0
50 0 -394 0
48 0 -392 0
45 0 -389 0
42 0 -387 0
40 0 -384 0
37 0 -381 0
34 0 -378 0
31 0 -375 0
28 0 -372 0
26 0 -369 0
23 0 -367 0
22 0 -366 0
21 0 -365 0
20 0 -364 0
20 0 -364 0
20 0 -364 0
20 0 -364 0
20 0 -364 0
20 0 -364 0
20 0 -364 0
20 0 -364 0
20 0 -363 0
19 0 -362 0
19 0 -361 0
18 0 -361 0
17 0 -360 0
16 0 -359 0
15 0 -358 0
14 0 -356 0
13 0 -355 0
11 0 -353 0
10 0 -352 0
8 0 -350 0
7 0 -348 0
6 0 -347 0
5 0 -346 0
4 0 -345 0
4 0 -345 0
4 0 -344 0
3 0 -344 0
3 0 -344 0
3 0 -344 0
2 0 -344 0
1 0 -344 0
1 0 -344 0
0 0 -345 0
0 0 -346 0
-1 0 -348 0
-2 0 -349 0
-2 0 -350 0
-3 0 -351 0
-4 0 -352 0
-4 0 -353 0
-4 0 -355 0
-5 0 -355 0
-5 0 -357 0
-5 0 -358 0
-5 0 -360 0
-5 0 -361 0
-5 0 -363 0
-5 0 -364 0
-5 0 -365 0
-5 0 -366 0
-5 0 -366 0
-5 0 -367 0
-4 0 -367 0
-4 0 -367 0
-4 0 -367 0
-3 0 -367 0
-3 0 -367 0
-3 0 -367 0
-3 0 -367 0
-2 0 -367 0
-2 0 -367 0
-2 0 -367 0
-1 0 -367 0
-1 0 -367 0
-1 0 -367 0
0 0 -367 0
0 0 -366 0
1 0 -366 0
1 0 -366 0
1 0 -366 0
1 0 -366 0
1 0 -366 0
2 0 -366 0
2 0 -365 0
2 0 -365 0
2 0 -365 0
3 0 -365 0
3 0 -365 0
4 0 -365 0
5 0 -365 0
6 0 -365 0
7 0 -365 0
8 0 -365 0
9 0 -365 0
10 0 -365 0
11 0 -365 0
12 0 -364 0
12 0 -363 0
13 0 -362 0
13 0 -361 0
14 0 -360 0
14 0 -359 0
14 0 -359 0
15 0 -357 0
15 0 -357 0
15 0 -355 0
15 0 -354 0
15 0 -352 0
15 0 -350 0
14 0 -348 0
13 0 -346 0
12 0 -344 0
11 0 -342 0
11 0 -341 0
11 0 -340 0
11 0 -340 0
11 0 -340 0
12 0 -340 0
13 0 -340 0
15 0 -340 0
16 0 -340 0
17 0 -340 0
18 0 -339 0
18 0 -338 0
18 0 -337 0
18 0 -336 0
18 0 -334 0
18 0 -332 0
18 0 -330 0
17 0 -328 0
16 0 -327 0
16 0 -326 0
16 0 -325 0
16 0 -325 0
16 0 -325 0
17 0 -325 0
17 0 -324 0
18 0 -324 0
18 0 -323 0
18 0 -322 0
18 0 -321 0
17 0 -320 0
16 0 -319 0
16 0 -319 0
15 0 -319 0
15 0 -319 0
15 0 -319 0
15 0 -319 0
15 0 -319 0
16 0 -319 0
17 0 -320 0
17 0 -320 0
17 0 -320 0
18 0 -320 0
18 0 -320 0
18 0 -320 0
18 0 -320 0
18 0 -320 0
19 0 -320 0
20 0 -320 0
20 0 -320 0
21 0 -320 0
21 0 -320 0
21 0 -320 0
21 0 -320 0
22 0 -320 0
22 0 -320 0
23 0 -320 0
24 0 -320 0
25 0 -320 0
26 0 -320 0
27 0 -320 0
27 0 -320 0
27 0 -320 0
27 0 -318 0
25 0 -317 0
22 0 -314 0
19 0 -311 0
15 0 -308 0
11 0 -305 0
6 0 -302 0
1 0 -300 0
-3 0 -300 0
-6 0 -299 0
-10 0 -299 0
-12 0 -299 0
-14 0 -301 0
-15 0 -304 0
-15 0 -308 0
-15 0 -313 0
-13 0 -318 0
-9 0 -321 0
-4 0 -325 0
0 0 -328 0
5 0 -330 0
9 0 -331 0
13 0 -331 0
17 0 -331 0
20 0 -331 0
23 0 -331 0
26 0 -329 0
27 0 -327 0
27 0 -324 0
27 0 -321 0
27 0 -318 0
27 0 -316 0
26 0 -314 0
26 0 -312 0
26 0 -311 0
27 0 -311 0
28 0 -310 0
30 0 -309 0
31 0 -307 0
31 0 -305 0
31 0 -301 0
31 0 -298 0
29 0 -295 0
28 0 -292 0
26 0 -289 0
25 0 -287 0
23 0 -286 0
21 0 -285 0
19 0 -314 0
19 0 -318 0
19 0 -321 0
19 0 -322 0
16 0 -323 0
13 0 -323 0
9 0 -324 0
6 0 -324 0
5 0 -324 0
5 0 -324 0
5 0 -324 0
8 0 -324 0
11 0 -324 0
13 0 -324 0
15 0 -324 0
15 0 -322 0
15 0 -319 0
15 0 -316 0
14 0 -313 0
13 0 -310 0
12 0 -309 0
12 0 -309 0
11 0 -309 0
11 0 -309 0
10 0 -310 0
10 0 -311 0
10 0 -311 0
10 0 -311 0
11 0 -311 0
11 0 -311 0
11 0 -311 0
12 0 -312 0
13 0 -314 0
14 0 -315 0
16 0 -315 0
17 0 -315 0
17 0 -311 0
17 0 -305 0
16 0 -298 0
14 0 -290 0
12 0 -281 0
11 0 -271 0
10 0 -262 0
10 0 -251 0
10 0 -240 0
10 0 -229 0
10 0 -218 0
11 0 -206 0
11 0 -193 0
11 0 -180 0
11 0 -167 0
11 0 -155 0
11 0 -142 0
11 0 -131 0
11 0 -121 0
12 0 -111 0
12 0 -102 0
13 0 -96 0
14 0 -89 0
15 0 -83 0
16 0 -79 0
17 0 -76 0
19 0 -74 0
20 0 -74 0
21 0 -74 0
22 0 -78 0
22 0 -82 0
22 0 -89 0
21 0 -95 0
19 0 -103 0
17 0 -111 0
14 0 -121 0
13 0 -132 0
12 0 -144 0
12 0 -157 0
11 0 -170 0
11 0 -184 0
11 0 -198 0
11 0 -211 0
10 0 -225 0
9 0 -238 0
9 0 -250 0
9 0 -263 0
9 0 -275 0
9 0 -286 0
9 0 -296 0
8 0 -306 0
8 0 -315 0
8 0 -322 0
8 0 -329 0
8 0 -334 0
8 0 -340 0
8 0 -343 0
8 0 -346 0
8 0 -347 0
8 0 -347 0
8 0 -347 0
8 0 -347 0
8 0 -345 0
8 0 -343 0
8 0 -340 0
8 0 -337 0
8 0 -333 0
9 0 -329 0
10 0 -325 0
11 0 -322 0
11 0 -318 0
12 0 -315 0
13 0 -312 0
13 0 -309 0
13 0 -307 0
13 0 -305 0
13 0 -304 0
13 0 -303 0
13 0 -303 0
13 0 -303 0
13 0 -303 0
13 0 -303 0
13 0 -303 0
14 0 -304 0
14 0 -304 0
14 0 -304 0
15 0 -304 0
15 0 -304 0
15 0 -304 0
15 0 -304 0
15 0 -304 0
15 0 -304 0
16 0 -304 0
16 0 -304 0
16 0 -305 0
15 0 -305 0
13 0 -306 0
12 0 -306 0
11 0 -307 0
11 0 -307 0
10 0 -308 0
10 0 -308 0
10 0 -308 0
10 0 -308 0
10 0 -308 0
10 0 -308 0
10 0 -308 0
10 0 -308 0
11 0 -308 0
12 0 -308 0
14 0 -308 0
15 0 -308 0
16 0 -308 0
17 0 -308 0
19 0 -308 0
20 0 -308 0
21 0 -308 0
24 0 -308 0
25 0 -308 0
26 0 -308 0
26 0 -308 0
26 0 -308 0
25 0 -305 0
24 0 -304 0
23 0 -303 0
22 0 -303 0
22 0 -303 0
22 0 -303 0
22 0 -305 0
22 0 -306 0
22 0 -306 0
22 0 -306 0
21 0 -307 0
20 0 -307 0
20 0 -307 0
20 0 -307 0
19 0 -307 0
19 0 -307 0
19 0 -307 0
19 0 -307 0
18 0 -307 0
19 0 -307 0
19 0 -307 0
21 0 -307 0
22 0 -307 0
24 0 -307 0
24 0 -307 0
25 0 -307 0
25 0 -307 0
25 0 -307 0
25 0 -306 0
25 0 -306 0
25 0 -306 0
25 0 -306 0
25 0 -306 0
26 0 -306 0
27 0 -307 0
28 0 -309 0
30 0 -310 0
30 0 -310 0
30 0 -309 0
28 0 -306 0
25 0 -303 0
23 0 -301 0
21 0 -300 0
20 0 -299 0
20 0 -300 0
20 0 -303 0
20 0 -306 0
20 0 -308 0
18 0 -310 0
15 0 -310 0
13 0 -311 0
10 0 -311 0
7 0 -311 0
6 0 -311 0
6 0 -311 0
5 0 -311 0
5 0 -311 0
6 0 -312 0
7 0 -313 0
9 0 -313 0
11 0 -313 0
14 0 -313 0
16 0 -313 0
18 0 -312 0
19 0 -309 0
20 0 -308 0
20 0 -305 0
20 0 -303 0
20 0 -301 0
20 0 -301 0
20 0 -301 0
20 0 -301 0
9 0 -312 0
8 0 -312 0
7 0 -312 0
6 0 -312 0
5 0 -312 0
5 0 -312 0
5 0 -312 0
4 0 -313 0
4 0 -313 0
4 0 -313 0
4 0 -313 0
4 0 -313 0
4 0 -313 0
4 0 -313 0
4 0 -313 0
4 0 -313 0
4 0 -313 0
4 0 -313 0
4 0 -313 0
4 0 -313 0
4 0 -313 0
4 0 -313 0
4 0 -313 0
4 0 -313 0
4 0 -313 0
4 0 -313 0
4 0 -314 0
4 0 -315 0
5 0 -316 0
7 0 -318 0
9 0 -319 0
11 0 -322 0
13 0 -324 0
15 0 -326 0
17 0 -329 0
18 0 -330 0
20 0 -332 0
21 0 -333 0
22 0 -334 0
23 0 -335 0
23 0 -336 0
23 0 -336 0
23 0 -337 0
23 0 -337 0
23 0 -337 0
23 0 -337 0
23 0 -337 0
23 0 -337 0
23 0 -337 0
23 0 -337 0
23 0 -337 0
24 0 -337 0
25 0 -338 0
25 0 -339 0
26 0 -340 0
26 0 -340 0
26 0 -340 0
26 0 -340 0
26 0 -340 0
26 0 -340 0
26 0 -340 0
26 0 -340 0
26 0 -340 0
26 0 -340 0
26 0 -340 0
26 0 -341 0
26 0 -341 0
27 0 -342 0
27 0 -342 0
27 0 -342 0
27 0 -342 0
27 0 -342 0
27 0 -342 0
27 0 -342 0
27 0 -342 0
27 0 -342 0
27 0 -342 0
27 0 -342 0
27 0 -342 0
27 0 -342 0
27 0 -342 0
27 0 -342 0
27 0 -342 0
27 0 -342 0
27 0 -342 0
27 0 -342 0
27 0 -342 0
27 0 -342 0
27 0 -342 0
27 0 -342 0
27 0 -342 0
27 0 -342 0
27 0 -342 0
27 0 -342 0
27 0 -342 0
27 0 -342 0
27 0 -342 0
27 0 -342 0
27 0 -342 0
27 0 -342 0
27 0 -342 0
27 0 -342 0
26 0 -342 0
26 0 -341 0
26 0 -341 0
26 0 -341 0
25 0 -341 0
25 0 -340 0
24 0 -340 0
24 0 -340 0
24 0 -340 0
24 0 -339 0
24 0 -339 0
24 0 -339 0
24 0 -339 0
24 0 -339 0
23 0 -339 0
23 0 -338 0
23 0 -338 0
23 0 -338 0
23 0 -338 0
23 0 -337 0
23 0 -337 0
23 0 -337 0
23 0 -337 0
23 0 -337 0
23 0 -337 0
23 0 -337 0
22 0 -337 0
22 0 -336 0
21 0 -335 0
21 0 -335 0
20 0 -334 0
19 0 -333 0
19 0 -333 0
18 0 -332 0
18 0 -331 0
17 0 -330 0
16 0 -329 0
15 0 -328 0
14 0 -328 0
14 0 -327 0
13 0 -326 0
13 0 -325 0
12 0 -324 0
11 0 -324 0
11 0 -323 0
11 0 -323 0
10 0 -322 0
9 0 -321 0
8 0 -320 0
7 0 -319 0
6 0 -319 0
5 0 -319 0
4 0 -319 0
3 0 -320 0
2 0 -322 0
0 0 -323 0
-1 0 -325 0
-1 0 -327 0
-2 0 -328 0
-3 0 -329 0
-3 0 -331 0
-4 0 -332 0
-4 0 -333 0
-4 0 -334 0
-4 0 -334 0
-4 0 -335 0
-4 0 -336 0
-4 0 -336 0
-4 0 -337 0
-4 0 -337 0
-4 0 -338 0
-4 0 -338 0
-4 0 -338 0
-3 0 -338 0
-3 0 -338 0
-3 0 -338 0
-3 0 -338 0
-3 0 -338 0
-3 0 -338 0
-3 0 -338 0
-3 0 -338 0
-3 0 -338 0
-2 0 -338 0
-1 0 -338 0
-1 0 -338 0
-1 0 -338 0
-1 0 -338 0
-1 0 -338 0
-1 0 -338 0
0 0 -338 0
0 0 -338 0
0 0 -338 0
0 0 -338 0
0 0 -338 0
0 0 -338 0
0 0 -338 0
0 0 -338 0
0 0 -338 0
-1 0 -338 0
-1 0 -338 0
-1 0 -338 0
-1 0 -338 0
-1 0 -338 0
-1 0 -338 0
-2 0 -338 0
-2 0 -338 0
-2 0 -338 0
-2 0 -338 0
-3 0 -338 0
-3 0 -338 0
-3 0 -338 0
-3 0 -338 0
-3 0 -338 0
-3 0 -338 0
-3 0 -338 0
-3 0 -339 0
-3 0 -339 0
-3 0 -339 0
-3 0 -340 0
-3 0 -340 0
-3 0 -340 0
-3 0 -340 0
-3 0 -340 0
-3 0 -340 0
-3 0 -340 0
-3 0 -340 0
-8 0 -340 0
-9 0 -340 0
-9 0 -341 0
-9 0 -342 0
-9 0 -343 0
-9 0 -344 0
-9 0 -345 0
-9 0 -345 0
-9 0 -345 0
-8 0 -345 0
-8 0 -345 0
-8 0 -345 0
-7 0 -345 0
-7 0 -344 0
-6 0 -344 0
-5 0 -344 0
-5 0 -343 0
-4 0 -343 0
-3 0 -342 0
-2 0 -342 0
0 0 -342 0
1 0 -342 0
3 0 -342 0
5 0 -342 0
7 0 -342 0
8 0 -342 0
10 0 -342 0
11 0 -341 0
12 0 -340 0
13 0 -338 0
14 0 -337 0
14 0 -335 0
15 0 -333 0
15 0 -332 0
16 0 -330 0
16 0 -329 0
16 0 -328 0
16 0 -327 0
16 0 -325 0
15 0 -325 0
15 0 -324 0
14 0 -323 0
13 0 -323 0
11 0 -323 0
10 0 -322 0
8 0 -322 0
7 0 -322 0
5 0 -322 0
4 0 -323 0
3 0 -323 0
2 0 -324 0
1 0 -325 0
1 0 -326 0
1 0 -326 0
1 0 -327 0
1 0 -327 0
1 0 -328 0
2 0 -328 0
3 0 -328 0
4 0 -328 0
5 0 -326 0
5 0 -324 0
6 0 -322 0
6 0 -320 0
7 0 -320 0
8 0 -319 0
9 0 -319 0
10 0 -319 0
11 0 -319 0
11 0 -319 0
11 0 -319 0
11 0 -319 0
11 0 -319 0
11 0 -319 0
11 0 -319 0
10 0 -319 0
9 0 -319 0
8 0 -319 0
7 0 -319 0
6 0 -319 0
5 0 -319 0
4 0 -319 0
3 0 -320 0
2 0 -321 0
2 0 -321 0
1 0 -322 0
1 0 -323 0
1 0 -324 0
1 0 -324 0
1 0 -325 0
1 0 -326 0
1 0 -326 0
2 0 -326 0
3 0 -326 0
4 0 -326 0
5 0 -326 0
5 0 -326 0
6 0 -325 0
7 0 -325 0
7 0 -324 0
8 0 -324 0
9 0 -323 0
10 0 -322 0
11 0 -322 0
11 0 -322 0
12 0 -322 0
12 0 -322 0
12 0 -322 0
12 0 -322 0
12 0 -322 0
12 0 -322 0
12 0 -322 0
12 0 -322 0
12 0 -322 0
11 0 -322 0
11 0 -322 0
10 0 -322 0
10 0 -322 0
9 0 -322 0
9 0 -322 0
9 0 -322 0
9 0 -322 0
9 0 -322 0
9 0 -322 0
9 0 -322 0
9 0 -322 0
9 0 -322 0
9 0 -322 0
9 0 -322 0
9 0 -322 0
9 0 -322 0
9 0 -322 0
8 0 -322 0
7 0 -322 0
6 0 -322 0
5 0 -322 0
5 0 -322 0
4 0 -322 0
4 0 -322 0
4 0 -323 0
4 0 -323 0
4 0 -325 0
4 0 -325 0
5 0 -325 0
6 0 -325 0
7 0 -325 0
7 0 -325 0
7 0 -325 0
7 0 -324 0
7 0 -323 0
8 0 -322 0
8 0 -322 0
8 0 -321 0
8 0 -321 0
8 0 -321 0
9 0 -321 0
9 0 -321 0
9 0 -321 0
9 0 -321 0
9 0 -321 0
8 0 -321 0
7 0 -321 0
6 0 -321 0
6 0 -321 0
5 0 -321 0
5 0 -321 0
5 0 -322 0
5 0 -323 0
5 0 -323 0
5 0 -324 0
5 0 -324 0
5 0 -324 0
5 0 -324 0
5 0 -324 0
5 0 -324 0
5 0 -324 0
5 0 -324 0
6 0 -324 0
7 0 -324 0
7 0 -324 0
7 0 -324 0
8 0 -324 0
8 0 -324 0
8 0 -324 0
9 0 -324 0
9 0 -324 0
9 0 -324 0
9 0 -323 0
9 0 -323 0
8 0 -323 0
7 0 -323 0
6 0 -323 0
6 0 -323 0
5 0 -323 0
5 0 -323 0
4 0 -323 0
4 0 -323 0
4 0 -323 0
4 0 -323 0
4 0 -323 0
4 0 -323 0
4 0 -323 0
4 0 -323 0
4 0 -323 0
4 0 -323 0
4 0 -323 0
5 0 -323 0
6 0 -323 0
7 0 -323 0
7 0 -323 0
7 0 -323 0
8 0 -323 0
8 0 -323 0
9 0 -323 0
10 0 -322 0
11 0 -322 0
12 0 -322 0
13 0 -322 0
13 0 -322 0
13 0 -322 0
13 0 -321 0
14 0 -321 0
14 0 -321 0
14 0 -321 0
14 0 -321 0
14 0 -321 0
14 0 -321 0
14 0 -321 0
14 0 -321 0
13 0 -322 0
13 0 -321 0
13 0 -321 0
13 0 -321 0
13 0 -321 0
13 0 -321 0
12 0 -321 0
11 0 -321 0
10 0 -321 0
9 0 -321 0
9 0 -321 0
8 0 -321 0
8 0 -321 0
8 0 -322 0
8 0 -323 0
8 0 -323 0
8 0 -323 0
8 0 -323 0
9 0 -323 0
9 0 -323 0
9 0 -323 0
10 0 -323 0
10 0 -322 0
11 0 -322 0
11 0 -322 0
12 0 -322 0
12 0 -322 0
12 0 -321 0
12 0 -321 0
12 0 -321 0
12 0 -321 0
12 0 -321 0
12 0 -321 0
12 0 -321 0
12 0 -321 0
12 0 -321 0
11 0 -321 0
11 0 -321 0
11 0 -321 0
11 0 -321 0
11 0 -321 0
11 0 -321 0
11 0 -321 0
10 0 -321 0
10 0 -321 0
10 0 -321 0
10 0 -321 0
10 0 -321 0
10 0 -321 0
10 0 -321 0
10 0 -321 0
10 0 -321 0
10 0 -321 0
10 0 -321 0
9 0 -321 0
9 0 -320 0
9 0 -320 0
9 0 -320 0
9 0 -320 0
9 0 -321 0
10 0 -321 0
10 0 -322 0
10 0 -322 0
10 0 -322 0
10 0 -321 0
10 0 -321 0
10 0 -320 0
10 0 -320 0
9 0 -320 0
9 0 -320 0
9 0 -320 0
9 0 -320 0
9 0 -320 0
9 0 -320 0
9 0 -320 0
9 0 -321 0
9 0 -321 0
9 0 -321 0
9 0 -321 0
9 0 -321 0
9 0 -321 0
9 0 -321 0
9 0 -321 0
9 0 -321 0
9 0 -321 0
9 0 -321 0
9 0 -321 0
9 0 -321 0
9 0 -321 0
9 0 -321 0
9 0 -321 0
9 0 -321 0
9 0 -321 0
9 0 -321 0
9 0 -321 0
9 0 -321 0
9 0 -321 0
9 0 -321 0
9 0 -321 0
9 0 -321 0
9 0 -321 0
9 0 -321 0
9 0 -321 0
9 0 -321 0
9 0 -321 0
9 0 -321 0
9 0 -321 0
9 0 -321 0
9 0 -321 0
9 0 -321 0
8 0 -320 0
8 0 -320 0
8 0 -320 0
8 0 -320 0
8 0 -320 0
8 0 -320 0
8 0 -320 0
9 0 -321 0
9 0 -321 0
10 0 -321 0
10 0 -321 0
11 0 -321 0
11 0 -321 0
11 0 -321 0
11 0 -321 0
11 0 -321 0
11 0 -320 0
11 0 -320 0
11 0 -320 0
11 0 -320 0
11 0 -320 0
11 0 -320 0
11 0 -320 0
10 0 -320 0
9 0 -320 0
8 0 -320 0
7 0 -320 0
6 0 -320 0
6 0 -320 0
5 0 -320 0
5 0 -321 0
4 0 -322 0
4 0 -322 0
4 0 -323 0
4 0 -323 0
4 0 -323 0
4 0 -324 0
4 0 -324 0
4 0 -324 0
4 0 -324 0
4 0 -324 0
4 0 -324 0
4 0 -324 0
5 0 -323 0
5 0 -323 0
6 0 -323 0
7 0 -323 0
7 0 -323 0
8 0 -323 0
8 0 -323 0
8 0 -323 0
9 0 -323 0
9 0 -323 0
10 0 -323 0
10 0 -323 0
10 0 -323 0
10 0 -323 0
10 0 -323 0
11 0 -323 0
11 0 -322 0
11 0 -322 0
11 0 -322 0
11 0 -322 0
11 0 -322 0
11 0 -322 0
11 0 -322 0
11 0 -322 0
11 0 -322 0
11 0 -322 0
11 0 -322 0
11 0 -322 0
11 0 -322 0
11 0 -322 0
11 0 -322 0
11 0 -322 0
11 0 -322 0
11 0 -322 0
11 0 -322 0
10 0 -322 0
10 0 -322 0
10 0 -322 0
10 0 -322 0
9 0 -322 0
9 0 -322 0
9 0 -322 0
9 0 -322 0
9 0 -322 0
9 0 -322 0
9 0 -322 0
9 0 -322 0
9 0 -322 0
9 0 -322 0
9 0 -322 0
9 0 -322 0
9 0 -322 0
9 0 -322 0
9 0 -322 0
9 0 -322 0
9 0 -322 0
9 0 -322 0
9 0 -322 0
9 0 -322 0
10 0 -322 0
10 0 -322 0
10 0 -322 0
10 0 -322 0
10 0 -322 0
10 0 -322 0
10 0 -322 0
10 0 -322 0
10 0 -322 0
10 0 -322 0
10 0 -322 0
10 0 -322 0
10 0 -322 0
10 0 -322 0
10 0 -322 0
10 0 -322 0
10 0 -322 0
10 0 -322 0
10 0 -322 0
10 0 -322 0
10 0 -322 0
10 0 -322 0
10 0 -322 0
10 0 -322 0
10 0 -322 0
10 0 -322 0
10 0 -322 0
10 0 -322 0
10 0 -322 0
10 0 -322 0
10 0 -322 0
10 0 -322 0
10 0 -322 0
10 0 -322 0
10 0 -322 0
10 0 -322 0
10 0 -322 0
10 0 -322 0
10 0 -322 0
10 0 -322 0
10 0 -322 0
10 0 -322 0
10 0 -322 0
10 0 -322 0
10 0 -322 0
10 0 -322 0
10 0 -322 0
10 0 -322 0
10 0 -322 0
10 0 -322 0
10 0 -322 0
10 0 -322 0
10 0 -322 0
10 0 -322 0
10 0 -322 0
10 0 -322 0
10 0 -322 0
10 0 -322 0
10 0 -322 0
10 0 -322 0
9 0 -322 0
8 0 -322 0
8 0 -321 0
7 0 -321 0
7 0 -321 0
7 0 -321 0
7 0 -321 0
6 0 -321 0
6 0 -321 0
5 0 -321 0
5 0 -321 0
4 0 -321 0
4 0 -321 0
4 0 -321 0
4 0 -321 0
4 0 -322 0
5 0 -323 0
6 0 -323 0
7 0 -323 0
9 0 -323 0
9 0 -323 0
10 0 -323 0
11 0 -322 0
12 0 -322 0
13 0 -321 0
15 0 -321 0
16 0 -321 0
18 0 -321 0
18 0 -321 0
19 0 -321 0
20 0 -321 0
20 0 -320 0
20 0 -320 0
20 0 -319 0
20 0 -318 0
20 0 -317 0
19 0 -317 0
19 0 -317 0
18 0 -317 0
18 0 -317 0
18 0 -317 0
17 0 -317 0
17 0 -317 0
16 0 -317 0
16 0 -317 0
15 0 -317 0
14 0 -317 0
14 0 -317 0
13 0 -317 0
13 0 -317 0
13 0 -317 0
13 0 -317 0
12 0 -317 0
12 0 -317 0
11 0 -317 0
10 0 -317 0
9 0 -317 0
9 0 -317 0
9 0 -317 0
9 0 -317 0
9 0 -317 0
9 0 -317 0
9 0 -317 0
9 0 -317 0
9 0 -317 0
10 0 -317 0
10 0 -317 0
10 0 -317 0
10 0 -317 0
11 0 -317 0
11 0 -317 0
12 0 -317 0
12 0 -317 0
12 0 -317 0
13 0 -317 0
13 0 -317 0
15 0 -317 0
17 0 -318 0
18 0 -318 0
19 0 -318 0
20 0 -318 0
21 0 -318 0
21 0 -318 0
21 0 -318 0
21 0 -317 0
21 0 -317 0
21 0 -317 0
20 0 -317 0
20 0 -317 0
20 0 -317 0
19 0 -317 0
19 0 -317 0
19 0 -317 0
19 0 -317 0
19 0 -317 0
19 0 -317 0
19 0 -317 0
19 0 -317 0
18 0 -317 0
18 0 -317 0
17 0 -317 0
16 0 -316 0
16 0 -316 0
16 0 -316 0
16 0 -316 0
16 0 -316 0
15 0 -316 0
14 0 -316 0
13 0 -316 0
12 0 -315 0
11 0 -315 0
11 0 -315 0
10 0 -315 0
10 0 -315 0
10 0 -315 0
10 0 -315 0
10 0 -315 0
11 0 -316 0
12 0 -316 0
12 0 -317 0
13 0 -317 0
13 0 -317 0
13 0 -317 0
13 0 -317 0
13 0 -317 0
13 0 -318 0
13 0 -318 0
13 0 -319 0
13 0 -320 0
13 0 -320 0
13 0 -320 0
11 0 -320 0
9 0 -319 0
8 0 -317 0
6 0 -317 0
5 0 -317 0
4 0 -317 0
3 0 -317 0
3 0 -318 0
4 0 -320 0
6 0 -322 0
8 0 -325 0
9 0 -326 0
10 0 -326 0
10 0 -326 0
10 0 -326 0
9 0 -325 0
8 0 -323 0
7 0 -321 0
7 0 -321 0
7 0 -321 0
7 0 -321 0
